Index,Delentropy
0,7.085702358
1,6.663946456
100,7.491748695
10006,6.596825534
10009,6.717337319
10010,6.601416917
10011,6.903852746
10012,7.221946063
101,7.21916371
1014,7.085621845
10185,6.988758366
10186,6.248627653
10187,6.486486962
10188,6.466197686
10189,6.568225618
10190,6.249391424
10191,6.60741748
10192,6.692983241
10193,6.710079597
10194,6.775164438
10195,6.998280479
10196,7.038542915
10197,6.561199598
10198,6.824730826
10199,6.35161519
102,7.734908114
10200,6.454480875
10201,6.567472228
10202,6.557185457
10203,6.602765692
10204,6.744697279
10205,6.931919445
10206,6.579473244
10207,6.110258472
10208,6.110258472
10209,6.579473244
10210,6.112259609
103,7.307550731
10338,6.055574642
10339,6.608960506
10340,6.278973999
10341,5.9231225
10345,7.53145102
10346,6.951321917
10347,7.301820852
10348,7.56933364
10349,6.794930795
10350,7.275334154
10351,7.570790377
10391,6.756586128
10392,6.768420638
10393,6.338800136
10394,6.599828243
10395,7.227043747
10396,7.527362076
10397,7.392462314
10398,7.274354787
10399,7.457149574
104,6.754525854
10400,7.241728367
10401,7.679651451
10402,7.339100698
10403,7.547539354
10404,7.534532868
10405,7.486313156
10406,7.602293082
10407,7.840464958
10408,7.689670441
10409,7.564160512
10410,7.718482619
10411,7.460199608
10413,7.626423615
10414,7.81636575
10442,6.095933214
10443,7.842742432
10444,7.455250467
10445,6.41816941
10446,5.846350653
10448,6.063175815
10449,6.216755484
10455,6.600128111
10456,6.609527335
10457,6.693856158
10458,6.581777767
10470,6.271007049
10471,6.557378053
10472,6.905783534
10473,6.96801142
10474,6.94061098
10475,7.848925953
10476,7.156957881
10477,7.111310028
10478,7.324358378
10491,6.581041562
10492,6.637019493
10493,6.482589482
10494,6.592166728
10495,6.971816826
105,6.750990959
10500,5.971750518
10501,6.322019001
10502,6.38555576
10503,6.394902865
10504,6.383207361
10505,6.421495707
10506,6.531668011
10507,7.460261459
10508,7.588211274
10509,7.966430361
10510,7.871074346
10511,7.774784628
10512,7.88855602
10513,7.60890919
10514,7.493602242
10515,7.794821529
10516,7.383175272
10517,7.465507891
10518,7.761962751
10519,7.265998625
10520,7.619566235
10521,7.759688715
10522,7.682153041
10523,7.376695057
10524,7.651359943
10525,7.120214797
10526,6.596778487
10527,7.191865934
10528,7.664743538
10544,7.499873139
10546,7.335429386
10547,7.132642142
10548,7.305117639
10564,6.510707806
10565,7.245503773
10566,7.08275824
10567,8.015617385
10572,6.337789305
10573,6.341125792
10574,6.395348602
10575,6.408543714
10576,6.382939533
10577,6.552152251
10578,6.554299565
10579,6.515714149
10580,6.515714149
10581,6.864645559
10582,6.306987844
10583,6.328975296
10584,6.330952509
10585,6.509164384
10588,6.695125596
106,7.009479145
10619,6.60050462
10638,6.877196143
10639,6.843843382
10640,6.522004425
10641,6.845704501
10642,6.177946151
10643,6.017172306
10644,6.404845989
10669,6.79895361
10670,6.915791637
10671,6.915791637
107,7.373534351
10731,5.94770894
10732,6.214296237
10733,6.134689998
10734,6.40835483
10735,6.272894855
10736,6.472526105
10773,6.626199438
10774,6.454345611
10775,6.500083463
10776,6.545555406
108,7.48700801
10813,6.638067253
10814,6.719924395
10815,6.256007229
10816,7.321782809
10817,7.210350929
10818,7.023239688
10819,7.083666709
10820,7.09986692
10821,7.200039398
10826,7.856784718
10827,8.022243754
10828,8.021886478
10829,8.173899082
10830,7.943654906
10831,7.271935733
10833,7.239424457
10834,6.997389194
10835,7.391668283
10836,6.939491121
10837,6.990439018
10839,7.389223656
10840,7.456609387
10844,6.735842554
10845,7.273680612
10846,6.86212547
10847,6.871475622
10848,7.026320716
10849,6.940481137
10850,7.335887625
10851,7.122772355
10852,7.266334804
10853,7.267609181
10855,7.273641173
10856,6.938937169
10857,6.431789419
10858,6.362652319
10859,6.226990002
10860,6.371562672
10861,6.362721875
10862,6.532658202
10863,6.620058568
10864,6.450159296
10865,6.004631231
10866,5.969458136
10867,6.315289553
10868,6.393805217
10869,6.725467862
10870,6.951797008
10871,7.284202186
10872,7.21197728
10873,7.620588573
10874,6.172088142
10875,6.978054985
10876,7.034461529
10877,7.359357647
10878,7.0380115
10879,6.985869598
109,6.905622163
10920,7.042235028
10921,6.661806925
10922,6.720127128
10923,6.703157649
10924,6.686154177
1093,6.497336646
10930,7.455330316
10931,6.614162206
10932,6.637216387
10937,7.410655946
10938,6.872229588
10939,7.168567651
1094,7.101970683
10940,6.60642792
10941,7.662399972
10942,7.10773585
10943,7.200066264
10944,6.864150102
10945,7.609183229
10946,7.14273633
1095,6.416106857
10987,5.230809886
10988,6.67870368
10989,5.262934924
110,7.727786369
11004,6.206196571
11005,6.852398789
11006,6.526042364
11007,6.987124155
11008,6.239454664
11009,6.54152716
11010,7.1171207
11011,6.428015469
11012,6.951304217
11013,6.95216272
11014,7.425824548
11021,5.792737607
11024,5.992694197
11025,6.733148521
11032,5.805634735
11072,7.455099845
11073,6.883033597
11074,7.058619805
11075,7.584571377
11076,7.101288566
11077,7.239320337
11089,5.918413798
111,7.335764729
11104,7.556670872
11105,7.483956953
11106,7.676174147
11107,7.13338101
11108,6.834573532
11109,7.136214383
11110,7.105892727
11111,7.196883307
11112,6.985483785
11120,6.254130246
11154,7.359301251
11191,6.779498928
11192,6.700553043
11193,6.90570862
11194,6.566188102
11195,6.586888441
112,6.881897988
11205,6.695637276
11211,6.304391796
11212,6.808599955
11213,6.610596708
11214,6.672722501
11267,8.107207595
11290,6.516959387
11291,7.604008866
11292,7.969176793
11293,7.570854071
11294,7.564537486
11295,7.65389205
113,7.073342219
11315,7.455299462
11316,7.402590369
11317,7.269871248
11318,7.137774682
11319,6.367872238
11320,6.622262224
11329,6.654018424
11330,6.615499893
11331,7.524986851
11332,6.520823484
11335,5.51138477
11350,7.9466577
11351,5.783004768
11352,5.813350293
11357,7.047947628
11358,6.762603021
11359,7.278946593
11360,7.704566795
11363,5.883930194
11365,6.188519842
11370,6.002830727
11376,5.913693004
11377,5.75361935
11378,6.19707991
11382,5.85810622
11392,6.286074378
11393,6.241721356
11394,6.101360316
11395,5.901149933
11397,5.926736291
11398,6.099031754
11399,6.473208959
114,7.201742727
11400,6.318409993
11401,7.183154375
11402,6.616610967
11403,7.507849505
11404,7.637617495
11423,5.664927067
11443,6.4850265
11444,6.49954111
11445,6.602901077
11446,6.558530127
11447,6.656658573
11448,6.828083513
11496,6.751299918
115,6.91393438
11534,7.302121379
11535,7.662348502
11536,7.70552231
11537,7.720001023
11538,7.957480644
11539,7.802457323
11540,7.340332515
11541,7.089176725
11542,7.188828577
11543,7.030242357
11544,6.929010621
116,7.001006177
1162,6.333537212
11621,6.678514344
11622,6.732133265
11623,7.179196698
11624,6.620928534
11634,7.267891747
11635,7.164916868
11636,7.220776816
11637,6.357028853
11638,6.435300583
11639,6.416084933
11643,5.618670424
11644,6.008040613
11645,6.197105022
11668,6.715922629
11671,6.500670885
11672,6.815745595
11673,6.691142641
11674,6.510721136
11687,7.021047545
11724,6.785197358
11725,6.776149439
11726,6.89763769
11727,6.778865731
1173,5.97927116
11746,6.617690107
11747,6.476290921
11748,6.5242135
11752,6.484026301
11753,6.111172177
11754,6.283271239
11755,6.317528064
11760,6.595798543
11761,6.653197861
11763,7.654607048
11771,6.530102307
11772,6.700081294
11773,6.948060049
11774,6.482825788
11775,6.332408572
11776,6.826824168
11777,6.498863048
11778,6.492089627
11779,7.650130469
11780,7.64945314
11781,6.740163041
11782,7.050690835
11783,7.006071563
11784,7.216785585
11785,7.675037433
11788,7.328981352
11789,7.164714547
11790,7.78623665
11791,7.803474561
11792,7.651954583
11793,7.810224125
11794,7.78623665
11795,7.80449421
11796,7.651954583
11798,7.171263721
11799,7.211027066
118,7.178033241
11800,7.19156262
11801,7.2935466
11802,7.15734702
11803,7.216395106
11804,7.709114859
11805,7.69650556
11806,8.206638383
11807,8.170899034
11808,7.679227242
1181,7.66368604
11815,7.379280475
11816,8.499398211
11817,8.96595762
11818,8.842070968
11819,7.649354752
1182,7.370706627
11820,7.705493161
11821,7.703770999
11822,7.912814335
11823,7.1165427
11824,8.059593113
11825,7.670058672
11826,7.682701851
11827,8.165276236
1183,7.898866523
11830,5.326116089
11831,5.968075398
1184,7.488511561
11843,5.586972859
1185,8.068165884
1186,7.132409547
1187,7.957711905
11873,7.719112687
11874,7.301077955
11875,7.496338935
11876,7.459663275
11877,7.296053368
11878,7.42369052
11879,7.257392742
1188,7.020608091
11880,7.247040456
11881,7.272269406
11882,6.744537206
11883,6.352195587
11884,6.47296257
11885,6.862469257
11887,6.80534857
11888,6.814699482
1189,8.111907807
119,7.217217197
1190,8.663230774
1191,8.591231801
1192,8.424589829
11953,8.472143078
11954,7.211493014
11995,6.76910368
11996,5.87298579
11998,6.461933038
11999,6.396863343
120,7.159168809
12021,5.447111702
12058,6.302513612
12059,6.009348938
12060,6.375448734
12061,5.637472985
12062,6.862212667
12063,5.742501343
12064,6.274107168
12065,6.47722133
12074,6.483585992
12093,6.412868261
12094,6.722207775
12095,6.694375057
12096,6.662924025
12097,7.092006681
121,7.291617834
12109,7.02664831
12110,6.858051936
12111,6.826867405
12112,7.109043669
12113,6.901809347
12114,6.608970401
12115,6.782822246
12117,6.459097635
12118,6.654780487
12119,6.573090459
12120,6.672807488
12121,6.589071825
12124,6.775182009
12125,6.917983595
12126,6.691277818
12127,7.536924971
12128,7.630462039
12129,7.65669138
12130,7.477238548
12131,7.24370589
12132,8.776131086
12133,7.291517476
12134,7.380734343
12135,7.421574552
12136,7.341647352
12137,8.570469682
12138,7.453902544
12139,7.346240981
12140,7.355318944
12141,7.470687506
12147,5.880175993
12150,7.095691654
12151,6.657396916
12152,6.835843703
12153,6.532495156
12154,7.233227788
12155,7.250425091
12159,7.216387835
12160,7.463626813
12161,7.069863551
12162,7.017713569
12163,6.934862001
12164,7.61519339
12165,7.730375235
12166,7.81262164
12167,7.126534343
12168,7.95878331
12169,7.790238599
12170,8.308270039
12171,8.156656574
12172,7.946716453
12173,6.586390855
12174,6.713134181
12175,6.689480343
12176,7.854700226
12177,7.949786576
12178,7.689462801
12179,7.975511003
12181,6.444400266
12182,7.708724191
12183,7.717197006
12184,7.797000949
12185,7.80943589
12186,7.53718027
12187,7.811938229
12188,7.600451441
12189,7.590114083
12190,7.104633456
12191,7.699455574
12192,6.597948703
12193,6.5254641
12194,8.194697997
12195,6.518110492
12196,6.790218486
12197,6.638684207
12198,6.89603897
122,7.00650789
12201,6.803811601
12205,6.774612164
12206,6.741526201
12207,6.437943076
12208,7.400967818
12209,7.672780452
12210,7.551987326
12211,6.879871818
12212,6.887017855
12213,6.955247581
12214,6.913846184
12215,6.951049374
12231,5.960368566
12237,7.568857324
12238,7.632245993
12239,7.814495663
12240,7.646008099
12241,7.735807446
12243,6.954152444
12244,6.760934485
12245,6.910500439
12246,7.031707306
12247,7.428869963
12248,7.25799411
12249,8.856079624
12250,8.152588628
12251,8.261894775
12252,8.400003762
12253,5.708684233
12254,8.869775543
12255,9.118190025
12256,8.393184643
12257,9.040131705
12258,8.9926194
12259,9.264449144
12260,8.618507544
12261,8.396106619
12262,8.303348353
12263,8.354726687
12264,7.772119137
12265,7.808805447
12266,8.873293477
12267,8.10245073
12270,6.273450972
12271,5.712572788
12272,7.324586128
12274,9.103393246
12275,8.637430216
12280,6.595563671
12282,6.707431123
12283,6.753256523
12285,6.819831384
12288,6.765443809
12293,6.850916968
12295,6.968169801
123,7.070305879
12300,7.008116481
12301,6.954701992
12302,6.180566293
12303,6.411708833
12304,6.3326679
12305,6.622751661
12306,6.589868961
12307,6.572564375
12308,6.172296365
12309,6.548730071
12310,6.168699409
12311,8.005227277
12312,7.94176018
12313,8.039305218
12314,8.222523819
12315,8.141234072
12317,7.647791972
12318,7.745022703
12323,6.273214169
12324,7.563971752
12325,7.565458866
12326,7.413507911
12333,6.540471042
12335,6.612404224
12336,6.659580168
12337,6.268579538
12338,6.014927818
12340,5.853405056
12341,5.800355272
12343,6.160164837
12345,6.163766071
12346,6.629571003
12347,6.755696482
12348,7.052812136
12350,5.976614557
12351,6.505044309
12352,6.741161434
12353,8.245078056
12354,8.036626359
12355,8.611803228
12356,8.828453824
12357,9.063934032
12358,8.982031635
12359,8.258592624
12360,8.498547946
12361,9.231715361
12362,8.495025591
12363,8.795053364
12364,8.01203562
12372,7.316818433
12373,7.370169045
12374,8.504631579
12375,8.159618687
12376,8.606282942
12377,8.511724388
12379,8.493817596
12380,8.511139623
12381,7.927454225
12382,7.797133437
12383,7.782240188
12384,7.563061266
12385,7.915299349
12386,7.960005079
12387,7.861114798
12388,7.40882404
12389,7.825903214
12390,8.850549477
12391,8.451854964
12392,8.840602766
12393,8.714869412
12394,8.695926058
12395,7.293117218
12396,7.156564401
12397,7.826750876
12398,7.326828996
12399,7.14107905
124,7.005907337
12400,7.718856321
12401,7.399793544
12402,7.393002878
12403,7.295604262
12404,7.028821568
12405,7.229027974
12406,7.247611119
12407,6.629373414
12408,6.767309808
12409,6.931640602
12410,8.383244697
12419,6.281214852
12420,6.913063586
12421,7.043007397
12422,6.937952718
12423,6.7040615
12424,6.972068414
12425,6.888914225
12426,7.048280185
12427,7.147495862
12429,6.244597455
12430,6.196755427
12431,6.239393147
12432,6.100635282
12433,8.292342012
12434,8.467197855
12435,8.675372013
12436,8.907301216
12437,8.945056996
12438,8.488226172
12439,8.630564442
12440,5.511016485
12441,5.667526046
12442,6.174723036
12443,5.453771357
12444,6.357810506
12445,6.041266395
12489,6.004138682
12490,6.544064
12491,6.454506426
12492,6.400554165
125,7.220601427
12509,6.258321079
12510,7.934052709
12511,7.764851092
12512,7.678297832
12513,7.72320135
12514,6.406275413
12515,6.041707455
12516,5.869231539
12517,5.916131872
12522,5.667443911
12523,5.96307502
12524,5.967033597
12525,5.988085731
1253,7.507766849
12536,6.491724167
12537,6.735345112
12538,6.68993172
12539,6.809021274
12570,6.490431161
12571,6.628314004
12572,6.570231149
12573,6.756008672
12574,6.233413145
12575,6.847142589
12576,6.683768521
12577,6.743203799
12578,6.73386847
12579,6.850077529
12580,6.811443285
12584,6.414165722
12586,6.419611924
12587,7.124840386
12588,7.093427319
12589,7.248038112
12590,6.186294666
12591,6.347723424
12592,6.060519185
12593,6.569414157
12594,6.398611764
12595,6.547906111
12596,6.594774711
12597,6.646264085
12598,6.675117279
12599,6.544172503
126,7.153571072
12602,6.987407233
12610,6.495680183
12611,6.76052985
12612,6.511554539
12613,6.650369331
12614,6.656910545
12615,6.591740629
12639,6.744424079
12640,6.593269689
12641,6.478224721
12657,6.229003653
12658,6.308121066
12659,6.489619315
12682,6.31477888
12683,6.47909668
12684,6.4792362
12687,6.234060819
12688,5.92668899
12689,5.910159102
12690,5.957348716
12691,6.545213637
12692,5.961968737
12693,6.087633844
12694,6.291830706
12696,7.754461449
12697,7.789994984
127,7.08229987
12711,6.098250355
12713,6.013174755
12714,6.610037171
12715,5.801260364
12716,5.855628953
12717,6.15242747
12718,6.499327569
12720,7.114902634
12724,6.548533294
12725,6.593303377
12728,7.391624936
12729,7.766709456
12730,7.923165963
12731,7.991501562
12733,6.634434604
12739,7.155812573
12740,7.008040931
12754,6.5382103
12755,6.642527498
12756,6.557557183
12780,6.383456169
12785,6.237897937
12787,6.281919694
12788,5.98391197
12789,6.040250002
12790,6.116192151
12791,6.055512648
12792,5.943395019
128,7.657807595
12804,5.733697418
12811,6.457646432
12812,6.630456719
12813,6.846229599
12837,6.161555402
12843,5.630831114
12844,5.816755059
12845,5.760251495
12846,5.761820271
12847,5.905222874
12848,5.724874842
12849,5.906873924
12850,6.002091248
12860,5.448422049
12871,6.894636147
12872,6.700329746
12873,6.708635757
12874,6.942716685
12892,6.181209316
129,7.256732113
12918,7.675815907
12919,6.614739182
12921,7.707954355
12932,6.104626957
12933,6.718332331
12939,6.046239165
12940,6.024020609
12960,8.662163983
12961,8.753092927
12966,7.301648826
12967,7.258675636
12968,7.135785827
12974,7.656141726
12975,7.557115006
12976,7.473881603
12977,7.589820824
12978,7.572728754
12979,8.176753604
12980,7.598416007
12981,8.061312085
12982,7.523731297
12983,7.387588349
12984,7.396608484
12985,7.538420356
12986,7.3692715
12987,7.976161018
12988,8.069822595
12989,7.939294965
12990,7.797815323
12991,7.749099084
12992,8.021464601
12993,8.08864171
130,7.006738066
1300,6.406034463
13002,8.406167228
13003,8.446587965
13004,8.536953327
13005,8.266325447
13006,8.477140012
13007,8.115631129
13013,6.485141595
13016,6.818206345
13018,7.2095143
13019,6.84828888
13022,7.040890407
13023,7.219880509
13028,6.728478996
13029,6.73890573
13030,6.801743778
13031,7.390042098
13032,6.815443641
13054,6.046338093
13057,5.818205269
13058,5.918305844
13064,6.293048629
13078,7.757291274
13079,7.954016478
13080,8.296007227
13081,8.39150844
13085,5.890902859
13086,5.786871971
131,7.126607195
13120,6.594803072
13121,8.553695852
13122,8.367829901
13123,8.332394923
13124,6.302834134
13125,8.202845709
13126,7.985079057
13127,7.942510906
13139,5.925539419
13151,7.427619431
13152,7.328292728
13153,7.132322956
13154,7.254532544
13155,8.183494812
13156,8.163694745
13157,7.994277541
13158,6.723830516
13159,6.716549552
13160,6.487089757
13161,7.09770359
13162,7.439556719
13163,7.304229576
13164,6.723830516
13165,6.716549552
13166,8.162180733
13167,6.71297269
13168,7.090489431
13169,8.14828107
13170,5.972243407
13171,6.158739357
13172,6.044823691
13174,6.475030146
13175,6.784981337
13176,6.750733714
13177,6.774505511
13179,6.808758177
13180,6.141506593
13181,6.128162368
13182,5.933892068
13183,5.944426978
13184,7.172072079
13185,6.762888494
13186,6.980677787
132,7.192156274
13209,6.937123454
13210,7.112649704
13211,7.481349153
13212,7.178093558
13213,7.220665044
13214,7.319454998
13215,7.067712129
13216,7.187207491
13217,7.021992948
13218,7.449225702
13219,7.296317933
13220,7.361623055
13221,8.190782688
13261,6.011332712
13262,7.443298132
13263,7.355437069
13264,6.704234756
13265,6.222328561
13266,6.392370525
13277,7.213639188
13278,7.292109859
13279,7.839634508
13280,6.950677689
13281,6.50288517
13282,7.808554761
13291,6.516115102
13292,6.297444649
13296,6.204259202
13298,7.279587825
13299,7.318904116
133,7.151134319
13300,7.525304252
13301,7.670663685
13302,7.565232432
13303,7.639731428
13304,7.596655164
13323,5.967431265
13324,7.414194546
13325,7.449244227
13326,6.982001847
13327,7.555353974
13328,7.299271266
13329,7.473446427
13330,7.522592222
13331,7.278519195
13332,7.164210977
13333,7.426282297
13336,6.548935478
13337,6.406361995
13338,6.350753737
13351,6.883107238
13352,7.189986553
13353,7.302604021
13354,7.153229293
13355,7.191056928
13381,6.324738021
13382,6.484170389
13383,6.364859205
13384,8.098397397
13385,7.777039973
13386,7.748295583
13387,8.040379719
13388,7.94493859
13390,7.91198633
13391,7.773087907
13392,7.853236163
13393,8.044322221
13394,8.900574919
13395,9.058213447
13396,7.969622809
134,6.740776918
13429,5.665552001
13433,6.255080555
13453,6.930482749
13454,6.29343568
13496,5.571012698
135,8.100557529
1350,7.560310001
1351,6.984275242
1352,7.009029668
1353,7.524322602
1354,8.565732856
13544,8.100052763
13545,8.052820357
13546,7.849905003
13547,7.697277736
1355,8.161542207
13556,6.498997663
13557,6.29123694
13558,6.257741789
1356,8.886228383
1357,8.181408564
1358,8.033013409
1359,7.868116493
13592,6.214459466
13593,5.976934094
13594,5.964938802
13595,6.118334875
13596,6.012213566
13597,5.98487332
13598,6.042145876
13599,6.225452821
136,7.138548429
1360,7.030432944
13600,6.419924804
13601,6.639599352
13602,6.650537168
13603,7.792250726
13604,7.739790829
13605,7.418051912
13606,7.410195347
1361,6.9743502
13614,7.281689912
13615,7.562321779
13616,6.854055453
13617,7.332087017
13618,7.376622685
13619,7.176135902
1362,6.9743502
13620,7.038507991
13621,6.988784471
13622,6.323607396
13624,6.683774449
1363,7.192570851
13633,5.70895851
13637,8.06745368
13638,7.112063525
13639,7.828884298
1364,7.526283946
13640,7.687863225
13641,6.967550617
13642,7.139681034
13643,6.891132747
1365,7.11072231
13653,6.668136864
13654,6.708287947
13655,6.261159871
13656,6.17640949
13657,6.654514791
13658,6.34447302
13659,5.875437327
1366,6.988144969
13660,6.0285869
13662,6.109081958
13668,7.360958661
13669,5.694359986
1367,7.010513279
13670,6.860642854
13671,6.590675216
13675,5.689532977
13676,6.430937865
13677,7.030419331
13678,6.518138976
13679,6.688759097
13680,6.490302736
13681,6.663178147
13685,6.020052688
13686,5.436256555
13691,6.715946848
13692,6.776704315
13693,6.422100626
13694,6.594757492
13695,6.742008763
13696,6.832927535
13697,6.444300989
13698,7.313503491
13699,7.251614365
137,7.168624018
13700,6.992973972
13701,7.638480013
13703,5.566587131
13712,6.021662093
13713,6.061978149
13714,6.287168984
13715,6.234995844
13716,6.380915183
13760,6.032067667
13761,6.218577378
13762,6.691278711
13763,6.648573554
1378,8.186014265
13784,6.546686617
13786,6.991351911
13787,6.811016293
13788,6.507080992
13789,6.675919612
1379,8.569054828
13790,7.026106448
13791,6.486975812
13792,6.674850569
13793,6.45353341
138,7.554904311
1382,7.248109534
1383,7.350063906
13860,6.178779921
139,6.814601304
13906,6.532195007
13907,6.497190389
13908,6.549729823
13909,7.012643121
13910,6.649768439
1394,7.449069281
1395,7.510187061
1396,6.907726385
1397,7.319424731
1398,6.697816624
1399,6.642083464
140,6.725709916
1400,6.95898728
14034,6.500904606
14035,6.843529619
14036,7.214295142
14037,6.680358196
14038,6.477632109
14039,6.410158657
14040,6.820832488
14043,6.481678554
14073,6.103123779
14090,6.621047859
14091,6.792148144
14092,6.997548007
141,6.436452997
1411,6.541960296
14113,6.120052399
1412,6.638542457
1413,6.593560558
1414,6.545249384
1415,6.619430758
1416,6.598471864
14193,5.749735398
142,6.562757943
14233,7.511401407
14245,6.344945362
14246,6.544571608
14248,6.463723964
14249,6.656906128
14250,6.94486964
14251,6.292963163
14252,6.181493502
14253,6.502403751
14254,6.186068107
14255,6.275794589
14256,6.186256002
14257,6.417630459
14258,6.449105896
14259,7.293992896
14260,7.257471816
14261,7.071202537
14262,7.293007081
14263,7.615531564
14264,7.020632012
14265,7.548734027
14266,7.610649941
14267,7.033970017
14268,8.685214925
14280,7.370152935
14281,7.562138304
14282,7.147867058
14283,8.014969783
14284,8.012142154
14285,8.327510912
14286,8.241890609
14287,8.264576578
14290,5.127640415
14295,7.551465063
143,6.43592333
14307,5.727427506
14308,5.903876134
14309,5.969251179
14310,6.768410746
14317,7.097612932
14324,5.864991347
14325,6.54749133
14328,6.616984844
14329,6.633215508
14330,6.734112617
14331,7.023228241
14332,7.987316587
14333,8.664603809
14334,7.756430855
14335,8.873553981
14336,8.100822411
14337,8.878500153
14338,8.432714585
14339,7.461683056
14340,7.231880905
14341,7.089109292
14342,7.443543656
14343,7.318766875
14344,7.526327997
14345,7.135055632
14346,7.333563722
14349,6.813966602
14350,6.526039278
14351,6.474591922
14352,5.540845705
14353,5.826298802
14354,5.920881933
14355,6.552277721
14356,7.700065045
14357,6.298650376
14358,5.98887226
14359,6.46766731
14360,6.217014189
14361,6.279768663
14362,6.597943531
14363,6.877391897
14364,5.936785639
14366,5.940106642
14367,6.784310708
14368,7.187473092
14369,6.104962187
14370,7.09581519
14371,5.973490716
14372,7.512418498
14373,5.346535157
14374,6.207826241
14381,5.332497537
14382,5.938168062
14385,7.001515172
14387,7.523975303
14388,7.514387765
14389,7.428424172
14390,7.760706376
14391,8.121776152
14392,9.265147875
14393,8.03195485
14394,6.100304285
14395,7.148270394
14396,7.641953614
14397,7.270044129
14398,7.123263008
14399,6.725787019
144,6.652414038
14400,6.921173958
14401,6.16454812
14403,6.374348745
1441,6.998589814
1442,6.863401842
14420,6.818471498
14425,7.139089298
14426,6.451240848
14429,6.402414779
1443,6.79969818
14438,5.971063517
1444,7.148919282
14449,7.222849181
1445,7.490644615
14450,7.186096283
14451,7.363789785
14453,7.046907507
1446,6.832942534
14464,6.554861768
14465,6.873121893
14466,6.928664861
14467,7.129003337
14468,7.437329363
14469,7.559753343
1447,7.059987952
14470,7.593729595
14471,7.395616925
145,7.201347739
14515,6.132145944
14517,7.676497195
14518,7.626091993
14519,7.348263496
14520,7.398155917
14521,7.182686902
14522,7.193095503
14523,7.232643258
14529,7.359215242
14566,7.845963536
14567,7.561474798
14569,7.287044941
14580,7.416566994
14581,7.088046741
14582,7.067622761
14583,7.202687756
14584,7.180355124
146,7.06481476
14654,6.437675974
14655,6.604843716
14676,5.799842414
14677,6.236505817
14681,5.168657572
14693,6.534644447
14694,7.928707073
147,6.83261123
14733,7.484279612
14734,7.485913064
14735,7.471269579
14736,7.341824713
14737,7.391460205
14738,7.375165029
14739,7.212091267
14740,7.241640187
14741,7.338630114
14742,7.161295681
14743,6.16843266
14744,6.580039698
14745,6.209429445
14746,6.331431844
14764,6.425845246
14775,5.726023108
14776,6.224468295
14777,6.275354565
14778,5.787616323
14779,6.855316744
14780,6.992248334
14782,6.703897934
14794,6.927256469
148,7.33301509
14800,6.494785765
14805,7.578295821
14806,7.497454836
14807,7.445299988
14808,7.430732924
14809,7.381250598
14810,8.722104638
14811,7.763097603
14812,8.055725609
14813,7.821545928
14839,6.560773197
14840,6.072960514
14841,5.623581338
14842,7.487672335
14851,6.535142056
14853,7.167586869
14854,7.436434573
14856,5.756820106
14857,6.920017779
14858,5.977670653
14862,5.885350697
14863,5.956029911
14864,6.995291914
14867,6.024500582
14869,6.754233355
14871,6.948634434
14879,7.474669092
14880,7.403594417
14885,6.917762412
14886,7.388061455
14887,6.913015194
14888,7.445221937
14889,7.62321684
14897,6.086079119
14898,6.094117161
14899,6.1030631
149,7.464827795
14900,6.150367254
14901,6.545666009
14904,5.966262296
14905,6.947516079
14906,6.371251364
14908,6.690975175
14909,6.454789843
14910,6.8614219
14911,6.067303376
14912,6.054641189
14913,6.337138994
14914,6.82425209
14915,6.828356487
14922,6.215482349
14927,6.41711983
14928,6.584755845
14930,6.088621505
14931,5.980576319
14932,5.956449
14933,6.0259777
14934,6.630865553
14935,7.620962119
14937,7.535139147
14961,5.995820939
14963,7.483150265
14964,6.065291295
14967,6.081025759
14971,6.586794483
14972,6.985894487
14973,7.022608453
14974,6.690820692
14975,6.908527553
14976,6.20144728
14977,6.173920008
14978,6.285278015
14979,6.341973699
14984,6.731477182
14985,6.620872569
14986,7.028516697
14987,7.011496029
14988,6.433274689
14989,6.47186836
14990,7.069852375
14991,7.003009804
14992,7.224768434
14999,7.35385268
150,7.380552934
15001,8.238764853
15002,8.16842372
15003,8.386888167
15005,6.078392502
15019,5.033771853
15020,5.584817689
15021,5.561374846
15022,5.730656128
15023,5.743159507
15024,5.784869917
15036,6.122782234
15065,6.891763924
15066,6.957920729
15067,6.27387708
15068,5.61831083
15070,7.197677561
15071,6.877737005
15090,6.753095873
15094,5.584647994
151,7.380492399
1515,6.351184712
15155,6.422604357
1516,6.280498165
15186,6.364586783
152,7.457841773
15208,5.940639354
15209,6.011141004
15210,5.939867969
15211,5.998402217
15212,6.111325025
1522,7.462440913
1523,7.742575497
1526,6.019044513
15262,6.620304829
15263,5.940193462
15264,6.036088819
1529,5.881748788
153,6.863163255
1530,6.111192349
15300,7.060432438
15302,5.453610142
1531,5.945165558
1532,5.965048426
1533,6.203822457
15330,5.834200503
1535,6.407946579
15360,6.32425657
15361,6.286297643
15362,6.593745288
15363,7.107335911
15364,6.781409031
15365,6.78212818
1538,6.725025109
1539,6.18374811
154,7.072931171
1540,6.132265226
15401,6.773532736
1541,6.544245121
1542,7.157379237
1544,7.083030467
15465,5.667540038
15477,5.927464937
1548,6.91611647
1549,8.089238947
155,7.310123317
1550,7.749602568
1551,6.997202083
1555,6.718658409
15554,7.580518773
15555,7.626695239
15556,7.346655685
15557,7.664785385
15558,8.182105242
15559,7.444428534
1556,6.922491499
1557,6.819879156
15570,6.53618741
15571,6.234463012
1558,6.991442797
1559,6.958665847
156,7.061743328
1560,6.960995853
1561,6.897924371
15613,5.885076287
15614,6.178273837
15615,6.163576321
15619,7.157259619
1562,6.949198103
1563,6.97319035
15635,6.574366839
15636,5.946900117
15637,5.800141918
15638,6.420924338
15639,6.094861304
15640,6.062873125
15642,5.894725906
1565,7.362873703
157,6.952921152
15701,6.970025292
15702,7.005091744
15703,6.837817797
15726,6.45028872
15727,6.042085423
15733,7.016080391
15734,7.014465129
15735,6.681889072
15736,6.913888038
15737,6.904756147
15738,7.064421215
15739,6.752792607
15740,7.033098389
15741,7.414374802
15773,6.388876242
15774,6.343531622
15775,6.372345508
15776,6.480574582
15777,6.274454448
15783,6.440036816
15784,6.825876365
15785,6.563014921
158,7.192453255
1584,7.152791987
1585,6.948437134
15894,6.970256983
15895,6.882643611
15896,7.070541719
15897,7.066614622
15898,7.134550354
15899,6.793216006
159,7.53487442
15900,6.706654488
15939,6.169193536
15940,6.356397762
15952,6.192104432
15953,6.301340278
15954,6.861901406
15955,6.643873128
1596,6.648683199
15968,6.482572354
15969,6.406580943
1597,6.677097447
15974,6.985054417
15975,6.975346837
15976,7.352155898
15977,6.214381488
15978,6.141335773
15979,6.224226016
1598,6.624834775
15988,5.54398327
15989,5.60008845
1599,6.685104795
15990,5.413966162
15991,5.746911727
15992,6.207930787
15993,6.542630978
15994,6.335217289
15995,6.761281637
15996,6.538093232
15997,6.623651864
160,6.973538731
1600,6.50350243
16006,5.577655098
1601,6.750013982
1602,6.768732176
1603,6.870850044
16033,6.520264139
16034,6.553259145
1604,6.614287714
16040,7.50560665
16041,7.073523831
16042,7.030789243
16043,6.854993359
16044,6.827183665
16045,7.053922896
16046,6.951389915
16047,6.924343613
1605,6.827380149
1606,6.878004332
16088,6.76194524
16089,6.477909741
161,7.481795425
16130,6.181362202
16131,5.701874909
16132,5.714200167
16133,5.73720916
16134,5.775462028
16188,7.732701356
162,7.43706334
16200,7.404061209
16213,6.455001393
16214,6.831087355
16215,7.291433695
16216,7.265782745
16217,7.24958244
16218,6.887803398
16219,6.926950584
16235,6.529303779
16236,6.484853848
16237,6.040626386
16238,6.632931852
16239,6.858646399
16240,7.111314809
16241,6.976877373
16242,6.94135024
16243,6.863727007
16244,7.166890342
16245,6.747965559
16266,7.012642872
16267,5.964836049
16268,6.397991604
16269,6.079582915
16276,6.937529855
163,7.637524799
16336,6.249737507
16337,6.323359263
16338,6.617077325
16369,5.793294688
1639,6.807987053
16396,7.066738321
16397,7.19767499
16398,7.249558124
16399,7.140207532
164,7.481521663
16400,7.168031532
16401,7.540063958
16402,7.281982926
16403,7.332218799
16404,6.632956546
16405,7.106607338
16406,7.050129606
16407,7.178023976
16408,7.122579888
16409,7.187932646
1641,7.243227066
16410,7.254008228
16411,7.368836232
16412,7.230697644
16413,7.305068697
16414,7.915314114
1642,7.293950448
1643,7.518892109
1644,7.512573808
16485,6.994956172
16486,6.822834588
16487,6.821135342
16488,6.886842762
16489,7.18660827
16490,6.971189952
165,7.666460981
16510,6.040544889
16511,6.056729963
1653,7.125943098
16568,6.417040121
16569,6.041173513
16570,6.243631525
16573,7.585812109
16574,7.911141375
16575,7.881373801
16576,7.885691981
16577,7.721315176
16579,6.62115498
16588,5.379874874
166,7.643711479
16622,5.872648797
16679,5.629920413
16695,7.071875888
16696,7.438984454
16697,7.614901523
16698,7.349700625
16699,7.462809872
167,7.518212416
16700,7.510694972
16703,7.599675453
16704,7.512736513
16705,7.356117236
16708,7.290002304
16709,7.376168555
16721,7.093806576
16722,7.103574063
16731,7.362095036
16736,6.095029252
16737,6.658994417
16746,7.074061856
16747,7.169817093
16748,7.153877871
16749,7.369234494
16750,7.430372112
16757,6.712554225
16760,6.771652097
16762,6.196901659
1679,6.349152101
168,7.770203066
1680,6.648048095
16802,8.440466291
16803,8.382217589
16804,8.573053036
16805,8.239529902
16806,8.356636521
16807,8.335977187
16808,8.838727875
16809,8.660642428
1681,6.626445224
16810,8.774060334
16825,6.266487091
16826,6.445137764
16827,6.623874477
16828,6.303172514
16829,6.398716475
16834,6.976389555
16836,6.783276633
16837,6.650713218
16839,6.486505615
16852,6.655815355
16870,6.55022123
16871,6.691830514
16872,6.702174921
16873,6.777792573
16874,6.71299749
16885,7.481292165
16886,7.505821407
16887,7.432703573
16888,7.111982875
16889,7.368672735
16890,7.083206683
16897,7.059061945
16898,7.300118155
16899,6.597449868
169,7.746067542
16900,7.174315448
16901,7.302472643
16902,7.36604388
16903,6.664635105
16904,6.884845093
16905,6.852905106
16906,6.815423623
16907,7.550110485
16908,7.223771498
16909,7.146066637
1691,6.423360983
16910,6.072222125
16911,6.022280724
16912,6.350910517
1695,6.102745366
16954,6.4501184
16971,6.592150774
16972,6.858982774
16985,6.406671923
16986,6.849887965
16987,6.192107449
1699,6.285331518
170,7.783931804
17057,6.468194728
17058,6.193646656
17059,6.00704242
17060,6.202307208
17061,5.994981514
171,7.463645872
17105,7.726295839
17106,7.71748324
17107,7.630782612
17108,5.775251774
17109,5.990629153
17110,5.977923829
17111,5.819371298
17112,5.888520967
17113,5.720420528
17114,6.145987603
17115,6.15719134
17116,6.798025915
17117,7.196515667
17118,6.836771269
17119,7.02903012
1712,6.010858155
17120,6.97234759
17121,7.15989912
17122,7.479885806
17133,5.15105346
17134,6.523608079
17135,6.666651163
17136,7.071247015
17137,7.086900472
17138,7.185034771
17148,5.884523428
17149,6.175268571
17163,6.613528645
17164,6.237130768
17165,6.686857506
17166,6.308331582
17167,6.333362547
17177,5.587472343
17180,6.414684269
17181,6.294644637
17182,6.082103597
17183,6.298891893
17184,6.205975055
17185,7.41380944
17186,7.246074275
17187,7.888453234
17188,7.190384833
172,8.078271641
17201,5.995270577
17202,5.866066571
17203,6.464731037
17204,6.642765965
17206,6.790105426
17207,7.159000515
17208,6.910424531
17209,7.084827396
17210,7.139946172
17213,6.034431351
17214,7.10843287
17215,7.268178815
17216,8.293957797
17217,8.24612945
17218,6.902335297
17219,8.337499439
17220,6.646444653
17221,6.632797631
17222,6.521869431
17223,6.497519732
17224,6.605213658
17230,6.954060595
17231,6.942985855
17232,7.070187353
17233,7.04146287
17234,6.683006975
17235,6.986967946
17236,6.967117379
17237,6.47429023
17238,6.670086907
17239,6.753644447
17242,6.012722228
17243,6.037227279
17270,6.82604289
17271,7.007445607
17272,6.835448002
17273,6.869328876
17284,5.978361431
17285,6.295092771
17296,6.063137994
17298,6.127153168
17299,5.919450544
173,8.332855725
17300,6.205410273
17306,6.927533064
17307,6.05555439
174,7.700980558
17412,6.738874581
17413,6.613194571
17414,6.579485726
17415,6.989502346
17416,6.072805952
17417,5.553052608
17462,7.174243864
17463,7.244105332
17464,7.231912057
17465,7.012205145
175,8.505940317
17555,7.280607012
17556,7.462830121
17557,7.142068568
17558,7.082609825
17559,7.261504051
17560,7.584957084
17561,7.38443625
17562,7.189854625
17563,7.374718351
17564,7.45936149
17565,8.316259911
17566,7.775032465
1757,5.799357931
176,7.587122002
17612,6.025278826
17617,6.571961312
17653,6.244440846
17654,6.241154731
17655,6.51310125
17657,6.5133585
17688,6.620987407
17689,6.441566148
17690,6.031316143
17691,5.901266982
17692,6.26328097
177,8.28163776
17742,6.064611415
17743,6.425723753
17787,6.870400477
17788,6.284993332
178,7.97932246
17843,5.490136318
17844,4.542300134
17845,5.956173538
17846,6.226885884
17847,5.935416504
179,7.807022374
17909,6.510315511
17910,6.630986764
17911,6.35621408
17912,6.254848055
17913,5.65000443
1792,7.573741363
17924,6.136007217
17925,6.326586139
17926,6.333122651
17927,6.491471221
17928,6.233270385
17929,6.20809114
1793,7.362907572
17930,6.505732238
1794,7.303842507
1795,7.415765862
1796,7.871529472
17966,6.143569355
17967,6.074100379
1797,7.575146124
1798,7.479575482
1799,7.412480863
180,7.350723968
18019,6.103834796
18048,6.263481866
1808,6.250652495
1809,6.6924645
181,8.09366531
1810,6.252080379
18103,6.471215496
18104,6.373453006
1811,6.345123697
18118,6.487542434
18119,6.175099744
1812,6.348880883
18122,6.212331881
18123,6.313187109
18124,6.136680195
18125,6.051234533
18150,7.696365074
18151,7.979140688
182,7.502496548
1823,6.460629088
18230,6.610034162
18231,6.526133687
18233,6.673759236
18234,6.544790445
1824,6.666392474
1825,6.830686447
1826,6.755086234
18263,7.104026791
18264,7.040022771
18265,7.074006417
18266,7.10379675
18267,6.854105563
18268,7.137994251
18269,7.058066169
1827,7.16989987
18270,6.700753491
18272,7.144157736
18273,6.941123177
18274,6.938615666
18275,7.001984219
18276,6.967398451
18277,6.990699074
18278,7.397952753
18279,7.147714279
18283,7.979934486
18284,7.577078336
18285,7.100525388
18286,7.932273091
18287,7.490453864
18288,6.291830618
18289,6.983638234
18290,6.881520238
18291,6.604466119
18292,7.179147049
18294,5.856303976
18296,5.867461798
183,8.404675331
18300,7.070985357
18301,7.070985357
18302,6.516963996
18303,6.543306804
18304,6.493532237
18305,6.461553597
18326,7.965309148
18327,7.441233523
18330,6.699455438
18331,7.385660617
18332,8.146394993
18333,8.039682241
18334,5.990136959
18335,5.634165886
18336,5.598038131
18337,5.840820143
18338,6.431421985
18339,6.952694785
18340,7.204307235
18341,7.291777166
18342,7.183248666
18343,7.26635739
18344,7.347161619
18346,7.158104958
18347,7.36137233
18348,6.633873022
18349,7.040222083
18350,7.069409544
18351,7.264049395
18353,6.457024612
18355,7.19097764
18356,7.423181171
18357,8.141258548
18358,8.208612625
18359,8.413896092
18360,8.192161798
18363,7.337221474
18364,7.303747447
18365,7.519055935
18366,8.242364435
18367,7.583397279
18368,7.458082839
18369,8.173516041
18370,7.886369327
18371,8.50082178
18372,8.058644188
184,7.760026107
18401,6.241224427
18402,6.028784331
18403,7.326368034
18404,7.538329397
18405,7.788102503
18406,7.618001846
18407,7.732434401
18408,7.55643945
18409,7.614205452
18421,6.448685942
18422,6.654027542
18423,6.638994527
18424,6.650475017
18425,7.156582755
18426,6.658474003
18444,6.184738889
18445,6.447119111
18453,7.143135913
18454,6.891505401
18469,5.78457666
18470,6.038212227
18471,5.843003476
18473,7.137849142
18474,7.390171759
18475,7.196045837
18482,6.711065718
18483,6.717070464
18484,6.764873472
18485,6.671611959
18486,6.229184305
18487,6.511443942
185,8.461778514
18503,6.25284224
1851,7.196762339
18512,7.296924641
18513,7.196322313
1852,6.873784149
1853,7.137380989
1854,7.103704278
18546,7.452283296
18547,7.186719041
18548,7.34475965
18549,7.214820981
1855,7.044274037
18550,7.68784761
18551,7.859853588
18552,8.541553298
1856,6.97205066
1857,6.893282625
186,7.911910213
18601,7.132988521
18602,7.08748026
18605,7.322185682
18606,7.600135284
18607,7.483159729
18608,7.094612566
18620,6.569813554
18621,6.213597723
18622,6.328152787
18689,6.79417425
18693,7.020680701
18694,6.745582298
18695,7.325292562
187,8.292193944
18704,7.654100616
18705,7.320235236
18706,7.654100616
18707,8.029902649
18708,7.72364268
18709,6.590709474
18710,6.598545934
18711,6.589777433
18712,6.588979178
18713,6.635756801
18714,6.509150572
18715,6.404591844
18716,6.320739999
18718,6.473048475
18719,6.541300486
18720,6.555390632
1873,8.018571068
1874,7.936388448
1875,6.79588075
18757,5.751366758
18759,5.745667998
1876,6.752694679
18760,5.868842026
18762,5.963674274
1877,6.887952844
1878,6.834918962
1879,6.791320311
18797,6.411395028
18798,6.280054556
188,7.805507553
1880,7.892445497
18800,6.439146165
18807,7.276844986
18808,7.090872421
18809,7.042980982
1881,7.890376607
18810,7.088082944
18811,6.542363329
18812,6.527888122
18813,7.011240271
18814,6.797554761
18815,6.520603134
18816,6.565499761
18817,6.886921277
18818,6.557595266
18819,6.520187763
1882,6.823545081
18820,6.994377387
18821,6.770493555
18822,7.230322594
18823,7.924990119
18824,6.550769122
18825,6.553619672
18826,7.0025932
18827,6.767318687
18828,7.233441874
18829,7.942017901
1883,7.858861475
18830,7.256344601
18831,7.086388132
18832,6.433088543
18833,6.298940946
18834,6.672852754
18835,7.060519154
18836,6.180918765
18837,7.02606232
18838,7.058022186
18839,6.817956049
1884,7.890376607
18840,6.374157136
18841,6.760707398
18842,6.243021381
18843,6.760091024
18844,6.390391154
18845,6.963860963
18846,8.470151068
18847,8.561201336
18848,8.453487619
18849,7.375654853
1885,6.898152114
18850,7.836677827
18851,7.762882001
18852,7.765034522
18853,7.719319583
18857,6.333725093
18858,6.36354994
1886,6.594113932
1887,6.628989853
1888,7.062299713
1889,6.901029478
18894,7.894063127
18895,7.663645194
18896,7.666446173
18897,7.771674432
189,7.805614062
1890,7.102527105
18908,6.421081828
18909,6.41436288
1891,7.238631563
18910,6.398126343
18911,6.332969181
18912,6.901797038
18916,5.883190891
18919,5.605775169
1892,6.858605603
1893,7.278319734
18932,6.810767931
18933,6.80766159
18934,6.806985399
18935,6.797024735
18936,6.995342897
18937,7.202808071
18938,7.111942397
18939,7.278996069
1894,7.545839536
18940,7.195514105
18946,6.604588963
18947,6.644120914
18948,6.570759251
18949,6.897277286
1895,6.910098111
18951,6.966719759
18952,7.158985646
18953,7.00804819
18954,7.229055516
18955,7.183603478
18956,6.776107164
18957,7.716020155
18958,8.008351178
18959,7.373240404
1896,7.157083785
18960,7.551506376
18961,7.641531547
18962,7.445309135
18963,7.400850976
18964,8.25196811
1897,7.133266424
18973,8.955833104
18974,9.034368545
18975,8.675344336
18976,7.90061402
18977,7.90061402
18978,7.854154099
18979,7.891794843
18980,7.891794843
18981,7.853382222
18982,7.905700633
18999,7.942731611
190,7.620142378
19000,7.850650273
19001,7.931308282
19088,6.502601861
19089,6.677207186
19090,6.569954961
19091,6.010088289
19092,6.024956315
191,7.746569084
19133,7.389359753
19134,7.260032024
19135,7.169133
19136,7.221483468
19143,6.625427585
19144,6.525498326
19145,6.405355249
19146,6.538543772
19147,7.73483239
19148,7.730475194
19149,7.334494214
19150,7.584127431
19193,6.148148768
19196,7.038322286
19197,7.334325346
19198,7.334494214
192,7.377006482
19214,8.046477461
19215,7.132439258
19216,7.299202558
19219,7.524481781
19220,8.334073309
19221,7.414685704
19222,7.292684167
19223,7.263867371
19224,7.017862198
19225,7.297916801
19226,8.142049914
19227,7.215868677
19228,7.165166394
19229,7.201019719
19230,7.325253619
19232,5.853363541
19234,7.248903974
19235,7.006868521
19236,6.953788306
19237,7.965097813
19238,8.034314239
19239,7.965759328
19240,6.878385928
19241,7.569793814
19242,7.807938244
19243,6.83611961
19244,6.984380047
19245,6.390217624
19246,6.268321611
19247,6.575038664
19249,6.818270782
19250,7.04954454
19251,6.895122577
19252,7.191195307
19253,7.159156554
19254,8.188156917
19255,8.035287849
19256,8.254932159
19257,7.592146048
19258,7.933276053
19259,7.879681854
19260,7.866234385
19261,7.240299756
19262,7.708929743
19263,7.609150552
19264,7.404976229
19265,7.705718726
19266,7.521494995
19267,7.446585065
19268,7.495026887
19269,7.955347426
19270,8.317044443
19271,8.098824407
19272,7.640171968
19273,7.527020236
19274,7.917096446
19275,8.124420004
19276,7.328084275
19277,7.798843737
19278,8.237426799
19281,7.500595932
19282,7.871009059
19283,7.68619908
19284,7.102319291
19285,7.801125613
19286,7.380549868
19287,7.088229669
19288,7.443240091
19289,7.093794335
19291,7.31731289
19292,8.351179597
19293,5.053130862
19294,6.767040834
19295,6.446457252
19296,6.246287493
193,8.029737746
19312,7.096586967
19313,6.956187958
19315,7.229055509
19316,7.011399646
19357,7.928548279
19395,7.692968428
19396,7.153122151
19397,7.824447761
19398,7.979592975
194,7.474271344
19429,6.735997346
19431,7.48585083
19432,7.420036094
19433,7.316600362
19434,6.18460253
19435,6.509468981
19436,6.48688459
19437,5.846548169
19438,6.221668275
19447,7.038891895
19448,7.038891895
19449,7.566895145
1945,5.668617481
19450,7.255011459
19451,7.104222929
19452,6.898702968
19453,6.974142903
19454,7.010999039
19455,6.284413209
19456,6.158045474
19457,6.344020902
19458,6.945155566
19459,7.659989934
1946,6.262134479
19460,8.265465742
19461,7.735239088
19462,8.263961986
19463,7.275239903
19468,7.144185968
19470,7.412110361
19471,6.950087646
19472,7.755049383
19474,7.1340455
19475,7.696583386
19476,6.712201645
19478,7.177331342
19479,7.223783556
19481,6.836328043
19482,7.456667859
19483,6.769046656
19484,7.15703552
19485,7.264692904
19486,7.729532552
19487,7.601657932
19488,7.55998386
19489,7.514232635
1949,6.676304653
19490,7.012648868
19491,6.616854114
195,8.269476838
1950,6.490228296
19503,7.575587247
19504,8.16031624
19505,8.117609614
19506,8.182751583
19507,5.798468886
19508,6.013630499
19509,5.919806157
1951,6.562744817
19510,6.114453775
19511,6.368006574
19519,8.78656358
1952,6.245992371
19520,8.697967674
19521,8.479636565
1953,6.207336183
1954,6.405021957
19547,7.170326122
19548,6.995552265
19549,7.187425247
1955,6.252345302
19550,7.220762134
19551,7.215838254
19552,7.356241969
19574,7.108228367
19597,6.976546824
19598,7.516038108
196,7.799897332
19600,7.710791285
19601,7.64005402
19602,7.539209494
19619,7.860675755
19620,8.081737979
19621,8.328216447
19622,8.149160514
19623,6.496618967
19624,6.054032127
19625,5.897024142
19626,6.104526943
19627,5.982388955
19628,5.971408975
19629,5.922315209
19652,7.073083418
19653,6.870131413
19654,7.113972486
19655,6.860912114
19656,7.010518823
19657,6.919706607
19658,6.721463508
19659,7.040944366
19660,6.763980339
19666,6.404913197
19667,6.643199058
19678,6.42302127
19679,7.573777474
19680,7.354978497
1969,6.066564726
197,7.862087022
1970,6.101537819
1973,6.46039276
1974,6.635752273
1976,7.00463779
1977,6.360962996
1978,6.386791795
1979,6.138267941
198,8.385251101
1980,8.139056003
1981,7.978459956
19817,6.083077783
19818,7.078931001
19819,6.055945949
1982,8.113948113
19820,6.839130885
19821,6.833255233
19826,5.367428073
19829,6.998640207
1983,7.659772681
19830,6.979218987
19831,6.972779548
19832,6.981643743
19833,7.225515979
19834,7.604444981
19835,7.19151679
19836,6.969164735
19837,7.342893468
19838,7.005906865
19839,6.885848048
1984,7.897512583
19840,7.1307097
19841,7.677237345
19842,7.182132279
19843,7.307878266
1985,7.732709241
19851,6.464884829
19852,5.912151571
19853,6.273121308
19854,5.977635884
19859,6.058634441
19860,6.00351317
19861,6.210671025
19872,6.069050719
19875,6.388874407
19877,6.576365991
1988,6.602261007
1989,6.554493585
19891,6.211604074
199,7.506872649
1990,6.377491316
1991,7.509510798
19915,8.408674988
19916,7.993772424
19917,8.201882192
19918,7.68523357
1992,8.132021301
19930,6.188420269
19931,6.640936934
19932,6.373053738
19933,6.469246805
19962,6.463614543
19963,6.625394364
19976,6.544296994
19977,6.647690794
19982,6.269750361
19984,6.810968871
2,6.256641971
200,8.214153077
20003,6.68699618
20004,6.558318255
20005,6.95031932
20006,6.578837203
20007,6.639053634
20014,6.120159502
20015,6.004621669
20016,6.287879208
2007,5.881648783
2008,6.45490525
20083,7.134942066
20084,7.254913366
20085,7.755244084
20086,6.939829286
20087,7.000647618
20088,7.160823694
20089,7.779333251
2009,5.912320129
20090,7.549865009
20091,7.581612633
20092,8.279383399
20096,7.563818979
20097,7.390236389
20098,7.083475555
20099,7.563818979
201,7.931735144
2010,6.378995331
20100,7.390236389
20101,7.083475555
20126,7.362170975
20130,7.604948327
20147,6.287672199
20148,6.426076514
20175,7.529353196
20176,7.161636332
20177,7.392532339
20178,7.169331691
2019,6.412793093
20190,5.870964536
20191,6.070313236
20192,6.136489297
20193,6.326387671
20194,6.255898373
20195,6.252435263
20196,6.193007237
20197,6.334751372
202,7.900311941
2020,6.795648271
20204,7.379579947
20205,7.091812372
20206,7.490025736
20207,7.978711557
20208,7.985221753
20209,7.716727105
2021,6.575658759
20257,6.308339477
20258,6.735586043
20259,6.855957356
20260,7.102998132
20261,7.026775901
20262,7.013708873
20263,7.13614547
20264,7.119987682
20265,6.961812118
20266,6.737285704
20267,6.741864172
20268,6.518524235
20269,6.780075404
20270,6.7225371
20271,6.641862517
20272,6.669196896
20273,6.602693386
20274,6.361923519
20275,7.158881745
20276,6.152575284
20277,5.8453898
20278,6.104757768
20279,6.310142473
20280,6.121158486
20281,5.988902459
20282,5.936278207
20283,5.810781018
20284,6.644816361
20285,6.756281143
20286,6.511746671
20287,6.762425568
20288,6.482274095
20289,6.319228722
20290,6.541974159
20291,6.535922288
20293,6.497044541
20294,5.79312803
20295,6.776134945
20296,6.488520557
20297,6.770869357
20298,6.37927052
20299,6.609152877
203,7.733709874
20300,6.499207493
20301,6.590311003
20302,6.553761449
20303,6.546230525
20304,6.692022545
20305,6.69066739
20306,6.731574808
20307,6.583740317
20308,6.573114308
20309,6.661575692
20310,6.638078014
20311,6.640377955
20312,6.910273962
20313,7.003543676
20360,7.195708711
20361,7.815214386
20362,7.402699905
20373,6.004441697
20374,6.368790243
20375,5.777924102
20376,5.611953381
20380,6.626233658
20381,6.591381819
20382,6.771991904
20394,5.886250045
20395,6.265670109
20396,5.961130288
20397,5.981609794
20398,6.231361758
204,8.182030207
20409,6.35070331
20410,6.300310692
20419,5.899019648
20420,6.545170217
20426,6.825881385
20427,6.204351553
20428,6.246816985
20429,6.544226212
20430,7.813679167
20431,6.418404761
20432,8.429337225
20437,6.504637832
20438,7.305354684
20439,6.215769819
20440,6.427508863
20441,6.788418976
20442,6.193856543
20443,5.99895847
20444,6.257237178
20445,6.149068078
20447,7.078760719
20448,7.060717659
20449,6.909261254
20450,7.150868074
20451,7.770270923
20454,7.023634756
20455,7.242881419
20456,7.052260551
20457,7.010415893
20458,6.931166461
20459,6.785590162
20460,6.874635208
2049,6.855027609
205,7.336615936
2050,7.031011662
2051,7.34732375
2052,7.092071823
20527,7.211072169
20528,6.977415949
20529,7.20579512
20530,7.383496369
20531,7.5603355
20532,7.538105744
20533,6.968451057
20534,6.856074023
20535,6.680155229
20536,6.680682348
20537,6.391500271
20538,6.756361175
20542,5.602781562
20544,6.900433936
20545,6.987714038
20555,6.147233624
20556,6.811041083
20557,7.061553604
20558,7.148308559
20559,6.653857407
20560,7.462579182
20561,7.388377139
20562,7.523457974
20563,7.296182643
20564,8.043396713
20565,7.229295342
20566,7.654118638
20567,7.287591313
20568,7.346324968
20569,7.603115303
20579,5.768523332
20580,5.869191139
20581,6.826771253
20588,7.179736242
20589,7.204910269
20590,7.346716243
20591,7.368044288
20592,7.200922898
20593,7.12839634
20594,7.394143399
20595,6.694335103
20596,6.950237161
20597,6.966891648
206,6.958888495
20603,7.64403525
2062,6.155868909
20620,6.469868078
20621,6.309572332
20622,6.274739268
20623,6.214525022
20624,6.475949646
20625,6.432259289
20626,6.361864353
20627,6.468636502
20628,6.440942057
2063,6.885443628
2064,6.821841828
2065,6.306346815
20654,7.515352742
20655,7.653461089
20656,7.517202515
20657,7.33850533
20658,7.278936883
20659,7.505726301
2066,6.645730053
2067,6.333096899
2068,6.636362937
20698,7.592763175
20699,7.458510402
207,6.643430829
2070,7.385767071
20702,6.065006387
20704,5.853648602
2071,7.385767071
2072,7.692708515
2073,7.505264683
2074,7.579597663
2075,7.630509065
2076,7.228978556
20764,5.763684336
20765,6.29204509
20766,5.961758878
2077,7.664844218
2078,7.396829386
2079,7.85577922
208,7.39868515
20809,6.417358668
20810,6.455281909
20811,6.282424966
20812,6.850604787
20813,7.210431353
20814,6.919369858
20815,6.554169842
20816,7.737669959
20830,6.408612413
20831,6.192358191
20832,6.192631925
20833,6.426820329
20834,6.210313326
20835,6.22748158
20872,6.675902218
20885,5.678168995
209,6.894364071
20932,5.119289246
20940,6.202849397
20941,6.502077764
20942,6.426903721
20972,6.839732169
20973,7.336192674
20974,7.350608823
20975,7.281235836
20976,7.037796871
20977,6.985898782
20978,7.344455759
20979,7.080127222
20980,7.29870811
20981,5.610726367
20982,6.228673039
20983,6.721813082
20984,7.191341583
20985,6.708254342
20986,6.945783994
20987,6.455370577
20988,7.044340169
20989,6.914926187
20990,6.22045846
20991,6.386054522
20992,6.822563292
20993,7.38351294
210,6.857425171
21038,6.053880457
21039,6.142807107
21040,5.866847933
21041,6.295007616
21042,5.533067922
21058,8.263274416
21059,7.655408409
21060,7.531841016
211,7.522986552
21113,8.117555879
21114,7.794031462
21117,7.05217682
21118,6.904750802
21119,7.059729071
21120,6.751114264
21121,7.080802596
21122,7.015387433
21123,6.901125431
21124,6.967221682
21125,6.732844205
21126,7.305766695
2113,5.787756073
2114,5.878524425
2115,5.717676902
21150,5.71653021
21151,5.683787761
21152,6.228643802
21153,5.588668234
21154,6.065188545
21155,5.788921809
21156,5.790117682
21157,5.825244292
21158,6.086577713
21159,5.981627108
2116,5.582735548
21160,6.299842532
21161,6.26299431
21166,6.83259984
21167,6.96569166
21168,6.451928146
21175,5.886551851
21176,6.067355225
21177,5.981539124
21178,6.068041558
21179,6.353238084
21180,5.99790031
21181,6.438357984
21182,6.698435686
21183,6.190816126
21185,6.414770975
21186,6.561571524
212,6.914576045
21210,6.209827138
21211,6.232646379
21212,6.883580219
21213,6.590572231
21214,6.965011494
21216,6.435535967
21224,7.135795139
21225,7.008258458
21226,6.925411412
21227,6.918094358
21228,7.031378421
21230,6.647474385
21231,6.469699219
21232,6.745376927
2124,6.505202883
2125,6.934020669
21262,6.423635797
21263,6.296786746
21264,5.924186852
21266,6.796387263
21267,6.940535956
213,7.061771228
21310,5.980667256
21363,5.654435752
21366,5.603087771
21367,5.902798726
21372,7.549601615
21375,7.219439359
21376,7.44807302
21377,7.027118898
21378,7.554121307
21379,6.982440709
21380,7.358519902
21381,7.316793684
21382,7.336833722
21383,7.39649703
21384,7.299152909
21385,7.66335009
21394,7.180526281
21395,6.979882942
21396,6.876139172
21397,6.993281114
21398,6.572134898
21399,6.804019523
214,7.112278865
21400,8.328796465
21401,8.262786018
21402,6.343629851
21403,6.119921777
21404,6.63005918
21405,6.569568336
21406,6.382394382
21407,5.778608234
21441,6.515909394
21477,5.974043629
215,7.017769266
21534,5.643619037
21537,6.269969867
21541,6.331756694
21542,6.808849954
21543,6.668498136
21544,7.075312623
21545,7.187118127
21546,7.119411662
21547,7.073541027
21548,7.150901246
2156,5.83893607
2157,6.052089326
21570,7.841430933
21571,7.080493008
21572,7.627802359
2158,6.122083384
2159,6.138025123
216,7.397962919
2160,5.951555425
21603,5.844548339
21634,7.084091936
21658,6.674070695
21666,5.566306635
21669,6.841499514
21670,6.860242637
21671,7.114181404
21672,7.207258704
21673,6.952692989
21699,7.004999069
217,7.195402447
21700,7.806554635
21726,6.503304156
21727,6.518403544
21728,7.071365467
21729,7.5789756
21730,7.656389055
21731,7.367418611
21732,7.511872529
21733,7.510486424
21734,7.476160568
21735,7.308503737
21736,5.704093185
218,7.507772083
21805,7.165247568
21806,7.801049763
21807,8.174042292
21808,7.57464547
21809,7.536405246
21810,8.052758351
21811,7.900999631
21812,7.646510423
21813,8.097806467
21820,6.095712816
21821,5.844080661
21822,6.357891342
21855,5.736264861
21874,5.99087985
219,7.350064379
2190,6.719035768
21923,9.387257343
21924,9.088818329
21925,9.398338149
21926,9.073473094
21934,7.387809386
21935,7.022505845
21936,6.976222429
21937,7.025345163
21938,8.0835881
21939,8.184021885
21940,7.738635501
21941,8.405181641
21942,7.768829869
21943,6.432233801
21958,6.627105505
21959,6.286224631
21960,6.344435776
21984,6.483226349
21985,6.44255906
21986,6.449451932
21987,6.914569843
21988,6.966105891
21989,6.911706717
21993,6.714486527
220,7.416390965
22023,6.890562837
22024,7.196853449
2205,7.511428183
22057,6.188962939
2206,7.785660833
22063,6.316321205
22075,6.848595575
22076,6.558298491
22077,5.888199151
22078,6.116839347
221,7.484111023
2211,6.434642522
2212,6.725062243
22128,5.882504708
2213,6.697474752
2214,6.486642054
2215,6.650386863
22159,6.293043833
2216,6.616503002
22160,6.387649781
22161,6.293116833
22162,6.527358563
22163,6.464855012
2217,6.708152492
2218,6.644814067
22187,6.862259731
2219,6.843741027
222,7.304581182
2220,7.204089879
22228,6.244003689
22229,5.942816543
22230,6.142395887
22231,6.366649759
22245,6.110111021
22247,6.598010048
22248,6.640348207
22249,6.59297035
22250,6.929802191
22251,7.163354423
22252,6.671614153
22253,6.436377479
22254,6.380793253
22255,6.392438696
22256,6.230861994
22257,6.366457564
223,7.342298645
22337,7.26854879
22338,5.39130785
22339,5.932600451
22340,5.959392675
22341,5.238598315
22342,5.322333431
22343,5.472197698
224,7.158683536
22401,6.742325864
22403,7.06072822
22404,6.93962333
22406,6.787899883
22408,6.926762334
22409,6.751241483
22410,6.762069517
22477,6.826520737
225,7.278579465
22511,6.489113182
22523,6.499035805
22524,6.486656474
22525,6.64213611
22526,6.639808104
22527,6.568794468
22528,6.780997997
22529,6.882014983
22530,6.778607756
22531,7.20853573
22532,6.049477349
22533,7.313271218
22534,6.975688944
22535,7.102339184
2255,5.596092585
2257,6.569663231
2258,6.53657762
2259,7.309663707
22591,7.074084154
22596,6.234702107
22597,7.683266017
22598,7.300532717
22599,7.788105202
226,7.65316622
2260,8.608106032
22602,6.289838769
22609,8.630380633
2261,8.617645277
2262,7.20832379
2263,5.876954938
2264,5.929833821
2265,6.219490961
2266,6.322990376
22661,6.160881061
22668,7.591573257
2267,6.21854109
22678,7.534763274
22679,7.248374094
2268,6.371332963
22680,7.185362586
22681,7.390059937
22682,7.105006798
22683,7.318060075
22684,7.618328002
22686,6.583990582
22687,6.603302215
22688,6.264738889
22689,6.347295597
2269,6.408044371
22690,6.354589736
22694,6.548352665
22695,7.286188067
22696,7.096651176
22697,8.56522935
22698,8.039711543
22699,8.555863364
227,7.863233478
2270,6.414486159
22700,8.610615931
22701,7.163154214
22702,8.36940536
22703,7.800177915
22704,9.198520835
22705,7.826472149
22706,9.13236688
22707,8.915255846
22708,8.292751918
22709,8.260632544
22710,8.101697985
22715,6.897563648
22716,6.778298838
22717,7.215268346
22718,7.421531798
22719,7.241780137
22720,7.442732135
22721,7.614272064
22722,7.361664559
22723,7.063377851
22726,6.374542178
22727,7.284652651
22728,7.18409815
22729,7.168002926
22730,7.164686029
22731,7.209431198
22732,7.385547815
22733,6.940765629
22734,7.216544631
22735,6.979050554
22736,7.329452741
22737,8.054654722
22738,7.671808925
22739,7.976092822
22740,8.424809631
22741,7.40964174
22742,8.24635912
22743,8.186507698
22744,8.509240486
22745,8.564600649
22746,7.162326414
22747,7.114036838
22748,7.096690115
22749,7.079319202
22750,6.72656244
22751,7.163124085
22752,7.210433426
22753,6.842675674
22754,7.04944217
22762,6.863730612
22772,6.461047862
22773,6.454563215
22774,6.588090335
228,7.499465262
22837,6.537992725
22850,6.359304016
22851,5.809013329
22852,6.43550327
22853,6.19786097
22854,6.555505174
22874,6.99109117
22875,6.866615119
22876,7.169538832
22877,7.245466206
22878,7.270635364
22879,7.288822618
22880,7.251282664
22881,7.152815624
22882,7.140914644
22883,7.463974464
22885,7.305488548
22886,6.945261985
22887,6.328855511
22888,6.170112425
22889,6.103237761
22894,7.920645078
22895,8.135759036
22896,7.719996877
22897,7.855092764
22898,6.919146461
22899,6.751082105
229,7.438192151
22900,7.379197546
22901,6.834025835
22902,7.241141372
22903,7.357591098
22904,7.980853007
22905,7.192232392
22906,7.42852488
22907,7.605049729
22908,7.486646201
22915,7.612555419
22916,8.303023442
22918,7.607336149
22919,8.086277871
22921,7.72631038
22923,7.469880738
22925,7.611404533
22927,7.666819979
22929,7.729274152
22931,7.33537063
22932,7.988382283
22933,7.646780839
22934,7.562095991
22935,7.945507973
22936,7.760995619
22937,7.61670402
22938,6.693926028
22939,6.632687533
22940,6.601555592
22941,6.319911491
22942,6.791753822
22943,7.392801857
22944,7.269677805
22945,7.102826175
22946,7.368948201
22947,7.063300321
22948,7.606186024
22949,7.851196402
22950,7.769114146
22951,8.13527843
22965,7.721959201
22966,8.302928475
22967,7.925234115
2297,6.120068023
22976,7.39924213
22977,7.501132828
22978,7.333289745
22979,7.204905455
2298,6.160858457
22980,7.402835856
22981,7.423612333
22982,7.184854281
22983,7.330918476
22984,7.769444688
22985,7.127675186
22986,7.102047955
22987,7.269013813
22988,8.193834472
22989,7.185712277
2299,6.446668472
22990,6.431261631
22991,6.478539888
22992,6.549979283
22993,7.18690669
22994,7.505478346
22995,7.549556246
22997,5.424990929
230,7.487701126
2300,6.385508328
23023,6.560662689
23024,6.408361116
23025,6.509567848
23026,6.444032102
23027,6.501449287
23028,6.538617742
23029,6.499144855
23030,6.601645879
23031,8.936362937
23038,6.073550362
23040,6.704668865
23041,6.588320198
23042,6.565919132
23043,6.796312537
23044,6.432597324
23045,6.457524722
23049,6.65038525
23050,8.007713338
23051,7.849613337
23052,7.774450376
23053,7.778760368
23054,7.92506192
23055,6.549901348
23057,6.77377405
23058,7.033976318
23059,7.905997213
23060,7.846291311
23061,7.836879286
231,7.65046176
23131,7.719135325
23132,7.605014284
23133,7.660670857
23134,7.470779125
23136,7.074167245
23137,7.849046685
23138,8.03050486
23139,7.948448942
23140,7.469481532
23141,7.674157701
23142,8.266430493
23143,8.093248168
23144,7.66061782
23152,8.30623744
23153,7.98049842
23154,7.705041148
23155,7.334030948
23156,6.754493315
23157,6.942249832
23158,8.464937222
23159,7.941103929
23160,8.019252126
23161,7.267339737
23167,8.07691542
23168,7.580978779
23169,8.668427261
23170,6.362479145
23171,6.655426018
23172,6.724948709
23173,6.737115749
23174,6.758892138
23175,7.583842904
23176,7.583842904
23177,8.281735832
23178,7.355921337
23179,6.340499392
23180,6.605855018
23181,6.812642795
23182,7.70032322
23183,7.562511731
23184,8.580282498
23185,6.831401445
23186,7.469936106
23187,8.23135074
23188,7.061711452
23189,7.148796396
23190,6.81210338
23191,6.867209111
23192,7.217093953
23193,7.204759565
23194,7.147409158
23195,7.453342335
23196,7.053826612
23197,7.677421224
23198,6.999881355
23199,7.734172628
232,7.513110108
23200,7.090826026
23201,6.998865423
23202,8.218467063
23203,6.699957529
23204,6.480924999
23205,6.458959735
23206,6.679146843
23207,7.134093042
23208,7.172182859
23209,6.877176978
23210,6.798129763
23211,6.488958374
23212,6.11633039
23213,6.918126336
23215,6.843378681
23216,7.448046756
23217,6.642472282
23219,6.42687717
23221,6.845896163
23222,6.520171853
23225,6.885382515
23226,6.649457969
23228,6.618124588
23233,6.473385363
23236,6.41737411
23239,7.276419988
23241,6.469689732
23246,6.593397163
23248,7.15488679
23251,6.504553024
23255,6.275952347
23256,6.971519778
23257,6.942228878
23258,6.94112372
23260,6.830283621
23264,6.986721086
23267,7.653439984
23271,6.488876793
23272,6.4511949
23278,7.020930712
23280,6.452763345
23283,7.325751798
23286,6.886852639
23292,6.899139458
23296,6.933376756
233,7.586681473
23307,7.204568084
23308,6.998586068
23310,7.200234471
23311,7.867297608
23312,7.816676593
23313,7.191990016
23314,6.95537383
23315,7.182869896
23316,7.882413345
23317,6.981453497
23319,7.634596639
23321,6.818016682
23323,7.063843865
23326,7.826347301
23327,7.357059554
23330,7.104651282
23331,7.263300506
23332,7.027811555
23334,6.834944852
23336,6.939107792
23338,7.662814988
23339,6.89318416
23340,7.193327279
23341,7.806454863
23342,7.005218341
23343,7.631238891
23344,7.213292847
23345,7.156942987
23346,6.67499398
23347,7.02562173
23348,6.811380782
23349,7.18856232
2335,6.707080663
23350,7.631544574
23351,7.369075924
23352,7.297531494
23353,7.349212403
23358,7.257641115
23360,7.671025765
23362,7.167515974
23363,7.390448303
23364,7.079803137
23365,6.974738455
23368,7.192948284
23369,7.425181346
2337,5.697551382
23371,7.422367881
23374,7.356622453
23375,7.14471238
23376,6.894600003
23377,7.137576176
23378,7.421920257
23379,7.322440408
23382,7.545683548
23385,7.267687453
23387,7.233352993
23388,7.267687453
23390,7.754541218
23392,7.182371504
23393,7.772274726
23394,7.796052626
23395,7.703800507
23396,7.16262784
23398,7.320335903
234,7.186284764
23401,7.584838989
23408,7.717480685
23409,7.648272028
23410,8.24762832
23411,7.384993666
23412,7.556011699
23413,8.337687639
23414,8.093256161
23415,6.546389418
23416,6.657736905
23417,6.450806407
23422,7.23333837
23423,7.58687379
23424,7.365627498
23425,7.272092709
23426,8.71153334
23427,8.674914561
23428,8.332979026
23429,7.208801704
23430,7.038706478
23431,7.099538937
23432,7.097304368
23433,7.054141596
23434,6.951208402
23435,7.059620231
23436,7.792941137
23437,7.516615735
23438,7.139366144
23439,7.281611724
23440,7.273655813
23441,7.195753376
23442,8.038279429
23443,7.311104077
23444,8.399665354
2345,6.561129189
23450,6.876811931
23451,6.751265988
23452,6.430436904
23453,6.479658483
23454,7.050393756
23455,8.423542108
23456,9.210603626
23457,8.804014056
23458,7.119139405
23459,7.226736652
2346,6.524637041
23460,6.832018928
23461,7.016290323
23462,6.931458041
23463,8.391837425
23464,8.334282386
23465,8.60531377
23466,8.630375766
2347,6.620980868
2348,6.4792657
23487,6.84717357
23488,7.403100957
23489,7.259579499
23499,7.086687885
235,7.086853954
23501,7.008092701
23507,6.978211055
23509,6.187808197
23510,7.578827686
23511,6.611797687
23514,6.313196109
23543,7.29375247
23544,6.931020369
23545,8.363916858
23546,7.443916181
23547,7.727651683
23548,8.217944134
23549,8.124222318
2355,6.458326183
23550,9.056579072
23551,7.881604273
23552,7.450947999
23553,7.436314977
23554,7.69119508
23555,7.616117095
23556,7.55572629
23557,7.892703068
23558,8.082814011
23559,7.781749968
2356,7.659899208
23560,7.517933091
23561,7.43533282
23562,7.241986881
2357,6.293583985
2358,6.717937714
236,7.196969008
23615,7.362970361
23616,6.970222065
23617,7.4662608
23618,7.173943031
23631,6.231004836
23637,6.49008556
23669,6.580578819
23670,7.02621458
23673,7.211440551
23674,7.041850739
23675,7.327001919
23676,7.401065319
23677,7.154595235
23678,7.079585191
23679,5.749682658
23680,5.941384792
23681,6.229871059
23683,6.172671301
23686,6.685411571
23687,6.885471913
23688,6.494416807
23689,6.453417707
23690,6.5090541
23691,6.313604505
23692,6.424948762
23693,6.754161083
237,7.736989186
23711,5.792730102
23716,5.738227963
23717,5.948007943
23749,6.661041187
23750,6.503273795
23751,6.942358106
23770,6.777208059
23771,6.634403717
23772,6.707755086
23773,6.685812566
23774,6.839428254
23775,6.707865708
23786,6.710501202
23787,7.05790482
23788,7.262091356
23789,6.912660363
23791,7.352076918
23792,7.464586815
238,7.879385987
23808,7.06157664
23809,7.648975745
23810,7.415530796
23825,6.30683963
23826,6.613848002
239,6.852103216
23920,7.472367102
23921,7.114672051
23922,7.499229352
23923,7.128549714
23924,7.291649395
23925,7.423144741
23926,7.432702983
23927,5.810231721
23928,5.911393298
23929,6.457252035
23930,6.774344224
23931,6.808083998
23932,6.739237182
23935,6.665200155
23936,7.084069377
23937,7.003908113
23938,7.969773937
23939,7.832950958
2394,8.635174682
23940,7.202815735
23941,8.049377284
23942,6.359759937
23943,7.945783528
23944,7.511851214
23945,7.581254728
23946,7.765102373
23947,7.159022235
23948,7.799115932
23949,6.603433647
2395,8.690961901
23950,6.101903517
23951,6.638128936
23952,6.890943467
23953,7.624769428
23954,7.505370958
23955,6.685398722
23956,6.820448151
23957,6.939961831
23958,6.736024262
23959,7.738787583
23960,8.046108305
23961,7.501665892
23962,7.413261433
23963,7.569243718
23964,6.89531287
23965,6.634821519
23966,7.741718762
23967,7.707341365
23968,7.856964351
23969,8.06575028
23971,6.484805451
23972,6.570150621
23973,7.98588039
23974,7.726264429
23975,7.614269591
23976,8.103904183
23977,7.438711675
23978,7.540857867
23979,7.553763909
23980,8.577379318
23981,7.015250681
23982,8.477358
23983,8.176725572
23984,8.610716231
23985,8.821431983
23986,8.643778143
23987,8.378392566
23988,8.317045694
23989,8.05616867
23990,7.438711675
23991,7.448787737
23992,7.079974583
23993,7.184890303
23994,7.546787482
23995,7.535639542
23996,7.120796014
23997,7.462926722
23998,7.405321515
23999,7.309746602
240,6.769090109
24000,7.41233295
24001,7.530612845
24002,7.359744705
24003,7.514311216
24004,7.398972699
24005,8.116941902
24006,7.896994687
24007,7.679072109
24008,7.708765642
24009,7.782820882
24014,7.038495241
24015,7.149523992
24016,7.052674255
24017,7.075825996
24018,7.925720195
24019,7.149523992
24020,7.075825996
24021,7.193624764
24022,7.780457232
24023,7.214322526
24024,7.138982321
24025,7.302988958
24026,7.808289427
24027,6.97457225
24028,6.788988233
24029,7.398179737
24030,7.123016184
24031,7.237319014
24032,7.483874297
24033,6.735338479
24034,7.397116385
24035,7.124999676
24036,7.385345895
24037,7.407849567
24038,7.863515779
24039,7.762622577
24040,7.655300568
24041,7.606096901
24042,7.805531358
24043,6.867289645
24044,7.02167879
24045,7.413868466
24046,7.02112351
24047,7.301012859
24048,7.361357378
24049,6.835010111
24050,6.890337912
24051,7.017881255
24052,7.065834292
24053,7.119249743
24054,7.038799692
24055,7.255146233
24056,6.878546525
24057,7.0484838
24058,7.27556912
24059,6.937018883
24060,7.156621239
24061,7.348825859
24062,7.312179631
24063,6.96641096
24064,7.643264974
24065,6.928436631
24066,7.07572756
24067,7.169016089
24068,6.846618753
24069,7.079828898
2407,5.850809915
24070,7.453624501
24071,8.080566392
24072,8.149779413
24073,7.937249256
24074,8.454706573
24075,8.170483518
24076,7.592175549
24077,8.672158655
24078,8.199816063
24079,8.169207927
2408,6.549909015
24080,7.934953906
24084,8.592643614
24086,8.396374797
24089,7.993272751
2409,6.478315979
24094,7.863327672
24095,7.72941155
24096,8.732404386
24097,8.019332747
24098,7.40054264
24099,8.410252907
241,6.671711554
2410,6.268486216
24100,6.661218116
24101,6.056903441
24102,6.459296984
24103,7.98891543
24104,8.551821152
24105,6.639914091
24106,7.232479645
24107,7.348716112
24108,7.232437117
24109,8.213749061
24110,8.569062141
24111,8.084437927
24112,8.133216432
24113,8.509901428
24114,8.27505545
24115,8.343163118
24116,6.586900596
24117,6.773683078
24137,6.074339164
24142,7.22631795
24143,6.795376077
24144,7.611240165
24145,7.534432198
24146,6.980028543
24147,7.440892026
24148,7.537658735
24175,7.316634763
242,6.643390926
24215,7.787723226
24216,7.370233723
24217,7.755972458
24218,7.510332458
24219,7.684368116
24220,7.401963304
24221,7.507000138
24222,5.870043293
24224,6.399483253
24225,6.805994044
24226,6.588746297
24227,6.33160804
24228,8.554466352
24229,8.435547662
24230,8.180827066
243,6.607315938
24313,5.802953266
24359,6.302189858
24360,6.860480525
24361,6.801953268
24362,6.725165094
24363,6.293542121
24364,6.35133538
24365,6.770220216
24394,7.090414981
24397,7.256956048
24398,7.079209813
24399,7.704630966
244,7.106146066
24400,8.186511554
24401,8.052920011
24427,7.464511243
24428,7.37733771
24429,7.121542634
2444,7.13552919
24441,7.697752707
24443,7.760360881
2445,6.869659914
24487,6.904725843
24488,6.859703588
24489,7.25586363
24490,7.24977172
24491,7.564375588
24493,6.536780895
24494,6.559976036
24495,7.006896145
24496,6.917944812
24497,6.500009952
24498,6.274151419
24499,6.594617695
245,7.099333686
24500,6.559646871
24501,6.767759819
24502,6.829070618
24503,5.797158752
24504,5.862365125
24505,5.831593973
24506,5.787816923
24507,5.825673047
24508,5.857608361
24509,7.006906686
24510,7.081299726
24511,7.568058674
24512,7.282367001
24513,6.842044465
24514,7.40244789
24515,7.179742083
24516,7.031525289
24517,7.264107961
24518,7.752003545
24519,7.493464617
24520,7.493464617
24521,7.132970085
24522,7.453277855
24523,6.448312493
24524,6.466237243
24525,6.799508404
24526,6.996115895
24527,7.662714461
24528,7.768484366
24529,7.903014098
24531,6.794982646
24532,6.52847072
24533,6.739643435
24536,6.963313402
24537,6.947071834
24538,7.404877617
24539,7.404877617
24540,7.173538563
24541,7.294185251
24542,7.294185251
24543,7.294185251
24544,6.977019121
24545,7.147291771
24546,7.241114422
24547,6.906289043
24548,7.510493534
24549,6.831339557
24550,7.132354385
24551,6.81697145
24552,6.418939146
24554,7.334124797
24555,7.032980343
24556,6.884653389
24557,7.03204
24558,7.200462066
24559,7.3361352
24560,6.80695812
24561,7.598139483
24562,7.582107901
24563,7.378776201
24564,7.470760262
24565,7.319398034
24566,7.233032373
24567,7.342850052
24568,7.026832841
24569,6.935936556
24570,6.843164394
24571,6.895493397
24572,6.678084092
24573,6.65187409
24574,6.581423044
24575,7.356497452
24576,7.271027114
24577,6.59781805
24578,7.178316111
24579,6.996930767
2458,6.690653273
24580,7.908197719
24581,7.129776272
24582,7.139792961
24583,7.135853813
24584,7.04404735
24585,7.100191668
24586,7.904676444
24587,6.648892506
24588,8.096323082
24589,7.417844849
24590,7.125742165
24591,7.682927825
24592,7.692156864
24593,7.471888245
24594,7.424278309
24595,7.652758977
24596,7.607457277
24599,6.901595466
246,7.042846583
24600,7.351738294
24601,7.944857721
24602,7.806398083
24603,7.907971817
2461,6.452623256
2462,5.923954327
2463,5.92074756
2464,6.241083308
2465,6.474127338
2466,6.447967983
247,6.869750742
248,7.154186539
249,6.702309018
2495,6.949412242
2496,7.186512948
2497,7.122317015
2498,7.078939414
2499,6.944701276
25,5.914311709
250,6.912641502
251,6.924293438
252,6.901325427
253,6.98691066
2531,7.921749971
2532,7.861086618
2533,6.498611681
2534,7.221957149
2535,7.393262996
2536,7.70933835
2538,7.236561146
2539,6.972137034
254,6.745721745
2540,7.136193356
2541,7.195370377
2542,7.291099628
2544,7.032600847
2546,7.260653599
2548,7.951328354
2549,6.767818525
255,7.234297402
2550,6.61293924
2556,5.693580093
2557,5.845588266
2558,5.986826432
256,7.039484575
257,6.648237043
258,7.39117596
259,6.553399156
26,5.916250531
260,6.467505468
2602,6.500091327
2603,7.202144575
261,6.593227826
262,7.063143485
2634,6.390123965
2640,6.148527821
2652,7.000546512
2653,7.091240469
2654,7.506123738
2655,7.120455126
2656,7.836818777
2657,6.95253742
2658,6.578127512
2661,7.005339707
2662,7.022008228
2663,6.581913212
2664,6.597292904
2665,6.684656057
2666,6.563487297
2698,6.414583082
2699,6.499074089
27,6.26761496
2700,6.436043958
2701,7.082508679
2702,6.888556762
2703,6.551449171
2705,6.803145523
2706,7.214906014
2707,6.550602175
2708,5.976266171
2709,6.800123546
2710,7.580548221
2711,6.306529541
2712,6.2508951
2713,6.176994403
2714,6.752479338
2715,6.361393553
2716,6.434626219
2717,6.253935967
2718,6.220801076
2719,6.767092166
2720,6.358290104
2721,6.306792239
2722,6.332486006
2723,6.347597401
2724,6.462131064
2725,6.629936444
2726,6.645138234
2727,6.549984785
2728,6.376326709
2729,6.530228688
2730,6.606014636
2731,6.548813874
2732,6.614060976
2746,6.346105599
2747,6.285414338
2748,6.210046803
2749,6.031792814
2750,6.276136314
2753,6.740371608
2754,6.503565751
2755,7.117987037
2756,6.749732394
2757,6.570791644
2758,6.649720191
2759,6.907610319
2760,7.005892211
2761,6.973018962
2762,6.407708442
2763,6.502548806
2764,6.531603414
2765,6.3795114
2778,6.818429643
2779,7.023777242
2780,6.289313127
2781,7.151925109
2782,7.195546889
2783,6.47461569
2784,7.579511818
2785,7.247887112
2786,7.225110958
2787,6.474901917
2788,6.64450818
2789,7.020305214
2790,6.775112279
2791,6.914795833
2792,6.739137896
2793,6.899227472
2794,7.156679538
28,6.258155698
2807,6.651860697
2808,7.530404708
2809,6.476280721
281,6.027186581
2810,7.664688439
2811,8.086102328
2812,7.793942112
2813,6.904629955
2814,7.551444267
2815,6.625910253
2816,7.678220743
2817,8.079149703
2818,7.803816081
2819,7.236854578
2820,7.055067737
2821,7.031809011
2822,7.542508467
2823,7.061399302
2824,7.236873888
2825,7.065937331
2826,7.532497085
2827,6.625765702
2828,6.753765899
2829,6.765717118
2830,6.588699318
2831,6.662123994
2832,6.993324866
2833,6.843211976
2834,6.747552663
2835,6.705890944
2836,6.956948093
2837,6.813444706
2838,7.04702073
2839,6.784069222
2840,7.494948873
2841,7.204648124
2842,7.279384623
2843,7.548663338
2844,7.320899615
2845,7.291857207
2846,7.335957981
2847,7.048746506
2848,7.150904795
2849,7.31351669
2850,6.580091023
2851,6.83603436
2852,6.465964939
2853,6.933024654
2854,7.054237766
2855,7.183230997
2856,7.218414943
2857,6.950364537
2858,7.00121895
2859,7.860120233
286,6.498048417
2860,7.096478194
2861,6.981093243
2862,6.649759648
2863,8.29132226
2864,7.338321912
2865,7.180388124
2866,7.004539632
2867,7.118342478
2868,7.102834074
2869,7.631217201
287,6.465261603
2870,7.157520623
2871,7.389443261
2872,7.407823103
2873,7.544154974
2874,7.20606259
2875,7.397622405
2876,6.484122082
2877,6.191830947
2878,6.366696594
2879,6.263653094
288,6.500661377
2880,6.827665836
2881,6.185811544
2882,6.505035773
2883,6.755269369
2884,6.662766976
2885,7.147190734
2886,6.791906697
2887,6.762801548
2888,6.905299547
2889,6.89842828
289,6.519188504
2890,7.095989295
2891,7.118172281
2892,6.342156058
2893,6.817237954
2894,6.55893577
2895,7.138264297
2896,7.008590104
2897,7.344642724
2898,6.702385978
2899,7.134986631
29,6.412304112
290,6.580882836
2900,7.082717388
2905,7.407005586
2906,8.135990505
2907,8.226002139
2908,7.51185285
2909,7.595886134
291,6.586033672
2910,8.464024775
2911,8.363989628
292,6.652746798
2927,6.90806929
2928,6.861322271
2929,6.7514302
2930,6.826716073
2931,6.62373045
2932,6.972185675
2933,8.090925533
2934,7.959056617
2935,8.597974093
2936,7.658844562
2938,7.50803481
2939,7.79555682
2940,6.746482205
2941,6.198548769
2942,7.015474975
2943,7.333052944
2944,7.520519198
2945,6.183147176
2946,6.254568492
2947,5.676459561
2948,6.20409666
2949,6.125969371
295,6.576253257
2950,6.870200017
2951,6.215769853
2952,6.118252981
2953,6.161532699
2954,7.348524891
2955,7.258320331
2956,6.778197424
2957,7.073656491
2958,6.861652404
2959,7.03115303
2960,5.885830652
2961,6.537092756
2962,6.294491271
2963,6.497482298
2964,6.468628273
2965,6.450159629
2966,6.562102647
2967,6.390712882
297,6.516265895
298,6.63719824
299,6.500661377
3,6.406815592
30,6.055895936
300,6.466462169
3053,6.537495846
3054,6.759793902
3055,6.670137394
3056,6.33388955
3057,6.33564778
3058,6.711597634
3059,6.916104084
3060,7.030073287
3061,6.787137581
3062,6.759488584
31,6.010480956
313,7.099795057
314,7.078464023
315,7.136250794
316,7.2195162
3168,6.617776282
3169,6.698162517
317,7.10393995
32,6.113088433
3252,7.909442643
3253,6.723581364
3254,7.850358827
3255,7.98273424
3256,7.599745982
3257,7.829119035
3258,7.702234794
3259,7.854253587
3260,7.591710756
3263,7.347347857
3264,7.16641204
3265,7.341619189
3266,7.321484735
3267,7.486581989
3268,7.066544366
3269,8.047689969
3270,6.449022168
3271,6.432750641
3272,6.446605776
3273,6.387135822
3274,7.115134991
3275,6.529533499
3276,6.891869933
3277,6.720215615
33,6.353295617
3300,7.427944949
3301,7.159822879
3302,7.30192199
3303,7.619143404
3304,7.07420127
3305,7.07420127
3306,6.74574537
3310,5.96095573
3318,7.243157692
3319,7.278311432
3320,7.394267861
3321,7.024099557
3322,7.045441809
3323,7.238597426
3325,6.19384954
3326,7.007874604
3327,6.95519612
3328,6.979695727
3329,7.057445329
333,7.468336508
3330,6.974675356
3331,6.980328513
3332,6.851926624
3333,6.81986913
3334,6.907587953
3335,7.038220237
3336,6.883519518
3337,6.814592877
3338,7.106387126
3339,7.094028516
334,8.092206331
3346,6.538845851
3347,6.616440224
335,8.241155285
3356,6.342381393
3357,6.333823922
3358,6.625608134
3359,6.38316373
336,8.081313225
3360,6.755646802
3361,6.329372075
3362,6.190275749
3363,6.916175585
3364,6.834900147
3365,6.879760555
3366,6.873987971
3367,7.404283581
3368,7.84269921
3369,7.278438371
337,8.191107363
3370,7.340768907
3371,6.948577869
3372,7.764361077
3373,7.238898053
3374,5.744546357
3375,7.257317119
3376,7.232179604
3377,7.070770278
3378,6.830725213
3379,6.940864038
338,8.028148021
3380,7.516672544
3381,7.617395939
3382,7.659682079
3383,7.309978525
3384,6.842654399
3385,7.999656911
3386,8.461538191
3387,8.112384075
3388,8.291198253
3389,8.522117306
339,7.977188951
3390,8.425000652
34,6.027344549
340,8.160874147
3400,7.502121386
3401,6.84274081
3402,6.985593758
3403,7.73643839
3404,7.282008973
3405,6.844762691
3406,7.318564043
3407,7.319357791
3408,7.432751792
3409,7.084896494
341,8.681676941
3410,7.164036611
3411,7.187496962
3412,7.383697186
3413,7.692745834
3414,8.046623897
3415,8.277594577
3416,8.359395972
3417,9.149491972
3418,8.482931293
3419,8.619743472
342,8.559790947
3420,7.022921433
3421,6.809756118
3422,7.050486003
343,8.302772952
3432,6.610608716
3433,7.267652016
3434,7.403667833
3435,7.217407567
3436,6.20522068
3437,7.340561758
3438,7.31656756
344,9.105069602
345,8.60705877
346,9.062645964
347,9.003717106
348,8.922899498
349,8.899524619
35,6.24636823
350,5.905055516
352,5.983934035
3539,6.161682915
3540,6.451911901
356,6.917626019
3568,6.25551148
3569,6.2779382
3570,6.214477644
3571,6.318299272
3572,6.250578351
3573,6.35626086
3574,6.461903689
3575,6.459782646
3576,6.526851698
3577,6.534731425
3578,6.506039419
3579,6.543761665
3580,5.908712522
3581,6.487717399
3582,6.507550711
3583,5.993653958
3584,6.023693242
3585,5.964916939
3586,6.236197242
36,6.321236429
3652,6.645434855
3658,6.131964402
3659,6.184213191
3660,6.100828978
3661,6.253339514
3662,6.006979934
3663,6.307238589
367,8.262044893
3675,6.911418624
3676,8.233934001
3677,7.987290637
3678,7.919927707
3679,7.809652152
368,8.811423977
3680,7.651932762
3681,7.58366545
3682,7.880467376
369,8.289038046
37,6.061032407
370,8.586262942
3700,6.614004393
371,8.419247617
372,9.032737554
373,7.674451448
374,6.116859984
375,7.473010033
376,6.207120884
3760,7.609844296
3761,7.876695453
3762,7.641730114
3763,7.589175709
3764,7.39134413
3765,7.565832793
377,7.080741388
378,6.954370429
380,7.626020216
381,8.43923934
383,8.526502869
384,8.547037572
3849,7.260988673
385,8.01892594
3850,7.392999392
3852,7.449258921
3853,6.950644615
3854,7.394976621
3855,6.881297995
3856,6.8663426
3857,7.348760728
3858,7.486458108
3859,6.976994265
386,7.832960359
3860,7.533651832
3861,6.930060128
387,7.804459415
3874,7.21844665
3875,6.933384356
3876,6.881425421
3877,7.382945037
3878,6.842058671
3879,7.01690815
388,8.097829301
3880,6.757252658
3884,6.841851029
3885,7.000769244
389,8.069779944
39,7.171951713
390,8.135629481
391,8.305647037
392,7.317091032
393,7.217036001
394,6.85756583
395,7.170954364
396,7.015255856
397,7.238552136
398,7.299449347
399,7.222695972
4,6.381342856
40,7.21868482
400,6.869864626
401,7.135162879
402,7.111594642
403,7.324087029
404,6.936522934
405,6.915708971
406,7.08671826
4061,7.078287257
4065,7.441350819
407,6.616684139
4072,5.541566681
4073,6.918277623
4074,6.936798418
4075,7.295569427
4076,7.394145431
408,7.040235222
409,7.017519358
41,7.211059511
410,8.21996558
411,6.79426116
4111,7.475315699
4113,6.343619709
4114,6.815300756
412,7.808879522
4120,7.812145016
4122,7.387096298
4123,7.495681149
4124,7.381966495
4127,6.377739886
413,7.798007507
4131,6.316732705
4137,6.278341105
4138,6.21672102
4139,5.852193187
414,8.479710182
4140,6.167878288
4148,7.027525124
4149,6.783149883
415,6.267133302
4150,6.89292708
4151,7.150399395
4152,6.926570135
416,6.271652704
417,6.355513505
418,6.143049771
419,6.14332063
4192,5.529968946
4193,6.631244499
42,7.069996949
420,6.087402823
4200,6.683030853
4201,6.818561607
4202,6.619606331
4203,6.84611974
4204,6.997097202
4205,6.809205639
4206,8.268719323
4207,8.069018767
4208,9.613090807
4209,6.782852761
421,6.225163414
4210,8.20923272
4211,7.065530836
4212,7.046802575
4213,7.292350889
4214,7.778780952
4215,7.278542295
4216,7.234968462
4218,6.705928726
4219,6.989538411
4220,7.172438335
4221,7.002252651
4222,7.336656628
4223,7.957393138
4224,8.358906571
4225,7.940844278
4226,7.561209822
423,6.138207306
4234,7.000566951
4235,6.430628428
4236,7.504272871
4237,7.344737439
4238,7.252648448
4239,7.126890101
424,6.498296854
4240,8.765375628
4241,9.047733871
4242,8.855766556
4243,8.187799716
4244,7.425145394
425,8.011102598
426,8.167002255
4266,6.48240109
4267,7.778220323
4268,7.332320691
427,7.484178899
4276,5.994720466
4277,6.428188747
4278,7.170109289
4279,6.558553676
428,7.218424547
429,7.444203383
4296,6.587647142
43,7.171148935
430,7.19172472
431,6.860773901
432,6.807819934
4327,6.645800201
4328,7.170336305
4329,6.329708999
433,7.08998397
4330,6.647503625
4331,6.836106552
434,7.08998397
4345,6.52009683
4346,6.802501067
4347,6.481550095
4348,6.541186861
4349,6.619230573
435,7.037269694
4350,6.73148311
4351,6.979237846
4352,6.96822786
4353,6.420174027
4354,6.593066428
436,7.699688557
437,6.861153408
4373,7.831887592
4374,8.14489062
4375,8.812591508
4376,8.811000775
4377,7.476934006
4378,6.419247215
4379,6.58149941
438,7.19172472
4380,6.935234995
4381,5.897595427
4382,5.916733107
4383,5.940241008
4384,5.790757173
4385,5.839110415
4387,7.809885543
4388,7.961064559
4389,7.520366542
439,6.937917625
4390,7.339125178
44,7.480599569
440,6.232237478
441,6.257994464
4425,7.081596783
4426,7.794217399
4427,7.125646859
4428,7.045347489
4429,7.046359636
4430,6.918004912
4431,7.400048213
4432,7.40112168
4433,7.487759535
4434,7.516391801
4435,7.581138626
4436,6.181794311
4437,6.311385744
4438,6.57981262
4439,6.718763518
4440,8.412103202
4441,8.018130069
4442,7.183380612
4443,7.526855238
4444,7.526855238
4445,7.260297408
4446,7.226648648
4447,8.243174034
4448,7.160395986
4449,7.226648648
4450,7.747213055
4451,7.309917683
4452,7.765888804
4453,7.239064013
4454,7.459291886
4455,7.826474674
4456,8.060751691
4457,8.334768394
4458,7.573843374
4459,8.193195642
4460,7.991810154
4461,7.663742509
4462,7.757506039
4463,8.206114788
4464,8.103695562
4465,8.249505361
4466,8.582955703
4467,7.721650075
4468,8.538642601
4470,8.449293668
4471,7.630405927
448,6.521943839
4481,6.678755684
4482,6.787435085
4483,6.449677537
4484,6.998999563
4485,6.748798277
4486,7.077408476
4487,6.847184032
4488,6.639150763
4489,6.066169787
449,6.389081772
4490,6.504419583
4491,6.518090673
4492,6.743781102
4499,6.781000291
45,7.23688592
450,6.301484349
4500,6.378037409
4501,6.870550941
4502,7.715764626
4503,7.645839927
4504,7.643318835
4505,7.895126175
4506,7.871922962
451,6.173797585
4510,6.376876054
4511,6.58329689
4512,6.503758354
4513,6.847904944
4514,6.514886146
4515,6.606035106
4517,6.658805614
452,6.409221456
4520,6.675813025
4521,6.717353331
4522,7.28868574
4523,6.499693925
4524,6.700007855
4525,6.732873365
4526,7.200499434
4528,7.496154075
4529,7.615621318
453,6.285610502
4530,7.303367977
4531,7.33641623
4532,7.347929436
4533,7.268108146
4534,6.865485807
4535,7.321837833
4536,6.960716938
4537,7.15807146
4538,7.653606941
4539,7.642327988
454,6.60332286
4540,7.276751487
4541,7.102642811
4542,7.481344876
4543,7.678932595
4546,7.508466987
4547,7.479192878
4548,6.449922599
4549,7.6570791
4550,7.681399038
4552,7.522140438
4553,6.860780366
4554,6.530647336
4555,6.868125106
4556,6.778971912
4557,6.598623452
4558,6.982893664
4559,7.173483701
4560,7.171825754
4561,6.723531213
4562,6.886455166
4563,6.731232528
4564,7.345635149
4565,7.362326978
4566,7.489687851
4567,7.488354606
4568,7.36748557
4569,7.360668197
4570,6.891871916
4571,7.472142144
4572,7.511710879
4573,6.612637461
4574,7.384529408
4575,8.047465669
4576,7.124894527
4577,6.526592756
4578,6.54814174
4579,6.572529304
458,7.141167289
4580,6.507665745
4581,6.779000096
4582,6.661993144
4583,6.568449787
4585,6.420755165
4586,6.178993897
4587,6.519176159
4588,6.186128062
4589,6.200075816
4590,6.345083296
4591,6.615225258
4592,6.273980102
46,7.832276029
460,8.377478786
461,8.445888711
4643,7.680480282
4644,7.469724405
467,6.450015834
468,7.127234532
4680,6.485643429
469,7.134438627
4696,6.87191367
4697,6.728401493
47,7.418737279
473,6.023652943
4731,7.139011526
4732,8.200878938
4733,7.876038598
474,6.037876444
475,6.132313878
4750,5.696389717
476,6.219800958
477,5.932294565
4777,6.778332627
4778,6.709125156
4779,6.436058593
478,6.075481976
4780,6.800982464
4781,6.434055507
4782,6.619234185
4783,6.471959788
4784,6.726223486
48,7.522108726
481,6.433155543
4820,7.546776747
4821,6.917637504
4822,8.800850296
4823,7.352776577
4824,7.800284968
4825,7.432176008
4826,7.412150786
4827,7.412034711
4828,7.412034711
4829,7.071773252
4830,7.408910073
4831,7.417287741
4832,7.417287741
4833,7.385772911
4838,6.21103833
4839,6.288160965
4849,6.310043444
4850,8.210516876
4851,7.266352943
4852,7.719824915
4853,7.710774841
4854,7.983643546
4855,8.082770344
4866,7.081267596
4867,7.039923303
4868,8.283203206
4869,7.967157719
4870,8.201827733
4871,8.010509233
4878,6.504142506
4880,6.642270555
4881,6.418869018
4885,6.73235375
4886,6.781567679
4887,6.924997465
4888,6.694137261
4889,6.895165934
4890,7.509504945
4891,7.291358693
4892,7.699844157
4893,7.428176781
4898,6.131711112
49,7.341783817
4900,6.712569402
4901,6.485018357
4967,6.04004157
4968,7.466521604
4969,7.366808628
497,6.265329069
4970,7.186787146
4971,7.006555187
4975,5.785872983
5,6.536100265
50,8.317690558
5041,7.747813839
5048,6.750339294
5049,7.589432439
5050,7.638385661
5051,7.455701896
5052,7.455701896
5053,6.727962718
5054,6.234585294
5055,6.652565197
5056,6.102831427
5059,6.436306163
5064,7.597400983
5065,7.325735136
5066,7.200450993
5067,6.949342814
5068,7.070725211
5069,7.131445224
5070,8.179997272
5071,7.60294794
5072,6.795055905
5073,6.544080074
5074,6.765256161
5075,6.966401566
5077,6.942709954
5086,6.147467888
5088,6.952556471
5089,6.938101782
5090,6.932900789
5091,6.940499589
5092,7.080513061
5093,6.84615187
5094,7.216681507
5095,7.074770935
5096,7.403300197
5097,6.772693593
5098,7.209011639
5099,7.544769406
51,7.447258318
5101,8.411861141
5102,7.393772743
5103,7.610885292
5104,6.492532857
5105,6.39383627
5106,6.446328661
5107,7.313536423
5108,7.324534529
5109,6.029979632
5110,6.04355362
5111,6.298307155
5112,5.793644726
5113,6.008947583
5114,5.853596147
5115,5.836261236
5116,6.419278115
5117,5.936939703
5118,5.828461515
5119,5.855621061
5120,5.905113004
5121,5.828053427
5122,6.711166704
5129,6.540310983
5151,6.714436615
5152,5.923861969
5153,6.604276049
5165,6.539425196
5166,6.858389144
5167,8.182005727
5168,7.751497145
5169,7.707059545
5177,6.353153311
5178,6.934062794
5179,6.681904782
52,7.602253934
5221,5.998455428
5222,5.994372685
5223,6.013076934
5224,6.005283263
5225,6.646242849
5226,5.939729312
53,8.252763629
5339,6.962740351
5340,7.122913154
5341,7.367867963
5342,7.224886033
5367,7.062063284
5368,6.82913567
5369,6.67328294
5370,6.959075196
5374,6.498585423
5375,6.856640132
5376,6.573905056
5377,6.687050601
5378,6.64034302
5379,7.29442948
5382,6.527148664
5383,6.555880004
5384,6.676775565
5385,6.524525735
5386,6.327138223
5387,6.644786324
5388,6.741361748
5389,6.376676249
5390,6.336556243
5391,6.519600353
5392,6.487972441
5393,6.645488553
54,8.371732353
5416,6.505373939
5417,7.033248692
5418,6.637941326
5419,7.195385545
5443,6.963033626
5444,6.814490662
5445,7.074580141
5446,6.800799207
5447,7.293845727
5448,7.219709824
5494,5.963571795
55,6.652728818
5527,6.073402671
5555,8.300900183
5556,6.546238039
5557,7.6952805
5558,8.574425439
5559,5.99808525
5560,5.981000753
5561,6.448934893
5562,6.289101407
5563,6.335252612
5564,6.542270699
5565,6.471598736
5566,6.38025669
5568,6.708562872
5573,6.795571511
5586,6.438713398
5587,6.078006492
5588,6.275043637
5590,6.351964514
5591,7.294862134
5592,7.338417142
5593,7.163506488
5594,7.24133902
56,6.581295125
5640,7.178942425
5647,5.824343305
5654,7.164861339
5655,6.176909623
5656,6.689079446
567,7.929799835
568,7.972300708
5685,6.500693079
5686,6.542821244
5687,6.563260842
5688,6.506083506
5689,6.432110005
569,7.843895666
5690,6.586834108
5691,6.5354057
57,6.9565819
570,7.386454184
571,7.720323599
572,8.139142764
5721,7.963553554
5722,7.821607712
5723,7.942845793
5724,8.353814116
5726,6.611311827
5727,6.893963756
5728,6.731419008
573,7.548241675
574,7.755667115
575,7.855649546
58,7.054034737
5805,6.97339527
5806,6.977725803
5807,7.012848638
5808,8.366018628
5809,7.487225821
581,6.350166976
5810,6.973053833
5811,6.956919135
5812,7.036694379
5823,7.133128581
5824,7.93542505
5825,6.429726697
5826,7.518874579
5827,7.117522127
5828,7.028022784
5829,7.424042814
583,6.113637526
5830,6.204354926
5831,6.340616882
5832,6.411349459
5833,6.381958857
5834,6.791317463
5835,6.961983076
5836,7.656114635
5838,7.848342655
5839,7.584318221
5844,5.88958512
5845,6.12765571
5846,6.174203633
5847,6.764302243
5848,6.586574292
5849,6.942883299
5850,7.564572033
5857,7.087115366
5858,7.086625845
5859,7.242542585
5860,6.913856441
5867,6.488978907
5870,6.718696196
5871,6.997314189
5872,6.923200017
5879,7.265978181
5881,7.419071645
5882,8.011682836
5883,7.482592428
59,6.740804538
5907,6.564398904
5908,6.736553425
5909,6.793898829
5910,6.698559798
5911,6.978898676
5912,6.826049164
5913,6.869338931
5914,6.822633402
5915,7.913605218
5916,8.396811655
5917,7.847848985
5918,8.035967227
5919,9.013145262
5920,8.869027827
5921,7.778927348
5922,7.57011837
5923,7.539200639
5924,8.104772849
5925,7.884094542
5934,6.109844314
5938,7.128888846
5939,7.205657365
5940,7.288764806
5941,7.120381336
5942,7.135931856
5943,7.404335725
5944,7.312255451
5945,7.07699983
5946,7.30831661
5947,7.316527747
5948,7.20214338
5949,7.11230852
5950,7.143097173
5951,7.391641734
5952,7.354035383
5953,7.419794495
5954,7.267016278
5955,7.421482162
5956,7.706581936
5957,6.687389291
5958,8.095351323
5959,7.815117951
5960,7.936214512
5961,7.861966736
5962,7.24119116
5963,7.131636987
5964,6.875331933
5965,6.732076392
5966,6.836810584
5967,6.875541355
5968,6.92493453
5969,6.678023238
5970,6.769830642
5971,6.977841967
5972,7.024743855
5973,6.208772581
5985,5.955421375
5986,5.978321467
5987,6.281890317
5988,6.183565308
5989,6.297059416
5990,6.182617239
5991,6.496256751
5992,6.1567313
5993,6.339685466
5994,6.329068203
5995,6.519654097
6,6.699202886
60,6.703141316
6007,6.818432044
6008,6.852294899
6051,6.465130824
6052,5.899339978
6053,5.964792872
6054,5.92138509
6055,6.546699913
6056,6.548751158
6057,6.748704264
6058,6.549141879
6059,6.643888367
6060,6.371167717
6061,6.216496803
6080,7.214418461
6081,6.953082003
6082,7.22640048
6083,9.54224945
6084,9.209284947
6085,5.82442455
6086,6.458102972
6087,6.34978926
6088,6.633415107
6089,7.070220483
6090,6.780990748
6091,6.508619092
6092,6.440474008
6093,6.435532597
6094,6.592336429
6095,6.705391177
6096,6.379957077
6097,6.674568779
61,6.694223926
610,6.665106078
611,6.708034116
612,6.582495615
613,6.65302211
614,6.592645189
6141,6.504843225
6142,6.605243542
6143,6.55080804
6144,6.609867352
6161,6.979222215
6162,7.788897709
6163,7.19847576
6164,7.070606901
6174,7.186876587
6175,7.765233555
6185,5.556203122
6191,7.56906379
6192,7.59843553
6193,7.71950886
6195,8.032516513
62,6.531780004
621,7.027719797
623,7.016950676
624,7.002152013
6242,6.498799048
6251,7.084590385
6254,7.279145583
6255,7.540164226
6263,6.515889749
6272,6.081364981
6273,6.297876974
6274,6.379006886
6275,6.315613803
6277,6.328030905
6278,6.416759642
6279,6.263863149
6281,6.932763393
6287,5.622560052
6290,5.841881165
6292,6.833364229
63,6.96861859
6301,6.130379434
6316,6.914528645
6317,6.719932367
6318,7.224198509
6319,6.753405702
6320,6.864526073
6321,6.806183499
6322,7.607023682
6323,6.946012558
6324,6.956547001
6325,6.956547001
6326,6.941643858
6327,7.123347501
6328,7.149684015
6329,7.331678947
6386,6.218698959
6394,6.043543984
64,7.063090199
6443,6.333205675
6444,7.092495305
6445,7.2404123
6446,7.089345802
6447,7.01329799
6448,6.990623542
6449,7.028757631
6450,7.146330893
6451,7.103531036
6452,7.043301505
6453,7.135095957
6454,6.995055064
6455,7.043151941
6456,6.82615178
6457,7.586078957
6461,6.613570652
6462,6.696334217
6463,6.710625849
6464,6.710574374
6465,6.555060426
6466,6.994751244
6467,7.060571073
6468,6.600911757
6473,7.82105522
6475,7.997609973
6476,8.182605621
6477,8.171566825
6478,8.344456008
6479,7.112176619
6480,7.262268834
6481,7.914643612
6482,7.985560643
6483,7.44338283
6484,7.615079209
6485,7.584316707
6486,7.628475393
6487,7.754208402
6488,6.768375415
6489,7.541985651
6490,7.541985651
6491,7.046590493
6492,7.49003886
6493,7.01075378
6494,7.49003886
6495,7.085764448
6496,7.560782986
6497,8.278095063
6498,8.558493138
6499,8.222260192
65,6.73317688
6500,8.33753815
6501,7.129279345
6502,7.183438444
6503,7.101364214
6504,7.230666227
6505,6.694880566
6506,6.624688862
6507,6.677580668
6508,6.551414458
6509,6.985666338
6510,6.815976039
6511,7.024518319
6512,6.81855168
6513,6.924821929
6514,6.981167869
6515,6.552243066
6516,6.911944466
6517,6.709561209
6523,7.43022769
6524,7.184704309
6525,7.801959947
6560,6.683462733
6561,6.790181374
6562,6.572647468
6563,6.499960216
6564,6.712835559
6565,7.01605661
66,6.395245513
6613,6.201589099
6634,5.856124082
6635,6.369704448
6636,6.047278306
6637,5.766100137
6652,6.490618979
6655,6.423860978
6656,6.953673203
6657,7.164610964
67,6.889312891
6710,6.169888946
6711,6.213640942
6712,6.230700819
6717,5.870856607
6736,5.926999317
6775,7.024735753
6795,6.702342734
6796,6.262328443
6797,6.400791856
6798,6.326752198
6799,6.822852722
68,6.521484378
6815,6.789739704
6816,6.743328397
6817,6.860568834
6818,6.943287621
6840,6.612672482
6855,7.352726718
6856,7.548801985
6857,7.211092172
6879,6.168473018
6880,6.162024912
6881,6.717916447
6882,6.758811036
6883,7.09826307
6886,6.597810048
6888,6.341971088
6890,6.672715234
6892,6.925924241
6893,7.237679515
6894,6.885916867
6895,7.958450334
6896,6.838284303
6897,6.854096993
6898,6.840088396
6899,7.206941639
69,6.862761618
6900,6.980906237
6901,7.799011451
6902,7.974296391
6903,7.935607318
6904,8.008165294
6923,6.977103447
6924,6.609863901
6925,6.628254761
6938,8.322812524
6939,7.753777347
6940,8.282685302
6941,7.906340058
6942,8.120212937
6943,7.990122874
6944,7.141829189
6945,7.819275627
6946,8.333628289
6947,7.726041861
6948,8.332166961
6949,6.730143565
6950,6.730143565
6951,6.730100855
6952,6.764933246
6953,6.554813174
6954,6.520731631
6955,6.647852197
6956,6.502001034
6957,6.450952919
6958,6.458330042
6959,6.458330042
6961,6.483708974
6968,7.72447806
6969,7.789431665
6970,7.132817317
6971,7.862548191
6972,7.752693743
6973,7.492870882
6974,7.860583612
6987,8.310631757
6988,7.162201523
6989,7.877743935
6990,7.081050896
6991,7.541389837
7,6.621936656
70,6.590503652
7008,5.924492969
7009,6.3719985
7037,6.184147808
7039,5.28590988
7064,5.811407324
7065,5.794201794
7066,5.766244632
7067,5.749791738
7068,5.74199894
7069,5.86891782
7070,5.975811658
7071,5.980097807
7081,6.173064777
7082,6.212125264
7083,6.682305478
7084,6.607660074
7085,7.005752351
7092,7.553808682
7093,7.931068646
71,6.915197637
711,6.130422411
712,6.198491012
713,6.580348307
7131,6.657176932
7132,6.743034422
7179,6.452775817
7188,7.011146803
7189,6.849011023
7190,6.871337063
7191,6.790070456
7192,6.944891437
72,6.767083431
7235,7.042235028
7236,6.447558674
7238,6.905674137
7239,6.965260386
724,7.994632165
7240,6.32368445
7241,6.409671167
7242,8.462396172
7243,8.489926998
7244,6.818634305
7245,7.217086027
7246,6.920133415
7247,7.497083606
7248,7.631204475
7249,7.610468131
725,8.071415437
7250,8.128741958
7253,7.150677212
7254,7.101901962
7255,7.198910938
7256,7.275020955
7257,7.125507053
7258,7.246697032
7259,7.072158418
7260,7.379287582
7261,7.117410925
7262,7.051398369
7263,7.240915756
7264,7.104385184
7265,7.27636583
7266,7.180937924
7267,6.860039495
7268,7.105229555
7269,7.262383785
7270,7.007010328
7277,7.22439499
7278,7.185517727
7279,7.765993737
7280,7.072610693
7281,7.919893412
7282,8.299616278
7283,7.832083495
7288,6.202918624
7289,6.32243296
7290,6.654759963
7291,6.397370148
7292,6.566000155
7293,6.538066001
7294,6.563711036
7295,6.451216828
7296,6.566000155
7297,6.592471252
7298,6.481373339
7299,6.868576068
73,6.803110445
7300,7.167781707
7301,8.191117297
7302,8.385625662
7303,8.195256166
7304,7.965349457
7305,7.963394017
7306,8.566952133
7307,7.729263257
7308,8.257565308
731,5.937168231
7312,6.409150052
7313,6.589985827
7314,6.570695874
7315,6.595500669
7316,6.562494973
7317,6.677450482
7318,6.629511516
7319,6.800600772
7320,6.769659816
7321,6.737458185
7322,6.320804098
7323,6.063325621
7324,6.253069338
7343,6.622887582
7374,6.39319613
7375,6.426651874
7377,6.37432802
739,5.928974217
7391,6.849641329
7392,8.019015003
7394,8.011348783
7395,7.983608686
7398,7.688529346
74,7.242523539
7412,7.011098832
7413,6.580043363
7414,6.75169169
7415,6.650843677
7416,7.069028916
7417,6.632042465
745,6.900454346
746,6.42971883
7488,7.948304823
7489,7.331498573
7490,7.614923377
7491,8.272821305
7492,7.742107992
7493,8.46848021
7494,8.441256084
7495,8.975612628
7496,8.43042317
7497,8.417408366
7498,9.514104407
7499,8.658041674
75,6.816309708
7500,8.207185222
751,6.785976745
7531,5.853491218
757,6.976790633
7573,7.324131476
7574,6.684404717
7579,7.216827508
758,6.909854844
7580,6.952956617
7581,7.034036372
7582,7.514755928
7583,7.724756362
7584,8.034297856
7585,7.919487327
759,6.688162905
7590,5.512087295
76,6.468831389
760,6.694769251
761,7.684674953
762,7.560904913
7629,6.683091397
763,6.217215106
7630,5.60289724
7631,8.21979828
7633,8.75146412
7634,7.912818089
7635,7.900667789
764,6.363025196
765,6.114018162
766,6.462047185
767,6.260929423
768,6.260967161
77,6.740736335
7724,6.196880635
7725,6.261252808
7726,6.153495759
7767,5.749379148
7796,6.997669326
7797,8.189721596
78,6.617185067
7802,6.14622782
7803,6.238170897
7804,6.652881637
7805,6.26218236
7806,6.37353568
7807,6.348837858
7811,8.007292425
7812,7.869650788
7813,8.233895149
7814,8.192301555
7815,8.213629758
7816,8.032090602
7817,7.983298329
7818,8.026115684
7819,8.976413997
7820,7.97891699
7824,6.405160613
7825,6.449706872
7826,6.584064129
7827,6.571202738
7837,6.478630976
7838,6.319878117
7839,6.505980162
7840,6.391247152
7841,6.509812948
7842,6.308030586
7843,6.487270399
7844,5.923148584
7845,6.227672261
7850,6.739404473
7851,6.969385059
7852,6.740218554
7857,6.708328669
7858,6.997939373
7859,6.938661405
7860,7.082923094
7861,6.963972022
7877,6.717732565
7878,6.559750879
7879,6.568123889
7880,6.522540147
7881,6.503912485
7882,6.347449438
7890,6.872045836
7891,6.87205265
7892,6.593383135
7893,6.863683902
79,6.590108023
7921,5.904510487
7922,5.706361507
7945,6.151345663
7946,6.551993681
7950,6.376878621
7951,6.483758465
7952,6.485583719
7957,6.833296465
7959,6.593215582
7960,6.613486905
7961,6.545765063
7989,6.156800438
7998,6.706387
7999,7.86070142
8,7.199159299
80,6.662659532
8000,8.330287597
8001,6.377342175
8003,7.839424267
8045,5.535858102
8046,6.065944895
8047,6.485985093
8048,6.784865608
8049,7.205676004
8064,7.096341614
8065,6.781553991
8066,6.573828297
8067,6.763356398
8078,5.984742325
8079,6.359894709
8080,6.263051307
8081,5.975097368
8098,7.719175721
81,7.105198564
8101,7.947286906
8102,6.523944227
8103,7.51264235
8105,7.973126222
8133,7.92580342
8134,7.882278033
8135,7.924057606
8136,7.659691797
8152,7.337130649
8153,7.610536467
8154,7.496015492
8155,7.416024109
8157,6.57295694
8158,6.559819148
8159,6.065169868
8160,6.362951161
8161,6.522225759
8171,7.473392696
8172,7.305961747
8173,7.027106133
8174,7.026736452
8175,7.348228457
8176,7.311942238
8179,7.538724864
8180,7.401922095
8181,6.675096467
8182,7.065965557
8183,6.603538655
8184,6.74762032
8191,7.154069826
8193,6.836678365
8195,6.774846208
8196,6.95417999
8197,6.718063362
8198,6.937948831
8199,6.880359321
82,7.163961817
8200,8.443077651
8201,7.729047138
8202,8.324738041
8203,8.574374504
8204,8.688922239
8205,6.096642986
8206,6.393586193
8243,7.645869303
8245,7.894859913
8247,7.848644639
825,7.298373811
826,7.135375029
827,7.096955465
83,7.376535236
8343,5.90690928
8375,6.586299796
8376,7.945849113
8378,7.398331869
8379,7.399184754
8394,6.13699876
8395,6.179450372
8396,5.995141706
84,7.061267308
8410,7.935288695
8411,7.508138676
8446,7.078931621
8447,7.333768902
8448,7.571211675
8449,6.405489196
8467,6.768193011
8468,6.338442598
8471,7.37369598
8472,7.237049781
8473,6.998963265
8474,7.269439716
8475,6.883735381
8476,6.92992633
8477,7.331417829
8478,6.487706894
8479,7.112496356
8480,6.994250522
8481,6.520747648
8482,6.818390957
8483,6.368836652
8484,6.300406708
8485,6.428513659
8486,6.772027363
8489,6.72706549
8490,6.512610844
8491,6.435132423
8492,7.162046798
8493,6.825412866
8495,6.457954818
8496,6.601076707
85,6.808017915
8500,6.525844579
8501,6.246927336
8502,6.478239823
8503,6.514662926
8504,6.38419856
8505,6.51214036
8506,6.641181234
8510,5.991551021
8511,5.979406154
8513,6.469345177
8514,6.307091343
8515,6.467140035
8566,5.290539255
8568,6.430888818
8569,6.584563552
8570,6.457306773
8571,6.537201085
8572,6.459033303
8589,6.922579226
8590,6.328617652
8591,5.372329262
8593,6.367550934
8596,7.615187676
8597,7.790756809
8598,7.819680658
86,6.924926841
8622,8.032047947
8623,7.966638862
8624,7.530885224
8625,7.447258958
8629,7.903999446
8632,7.151368632
8633,7.258446195
8634,6.530693779
8635,6.617171496
8636,6.617171496
8637,7.631959977
8638,6.559608473
8639,6.587728441
8640,6.587728441
8641,7.067756455
8646,8.444579552
8647,8.452960055
8648,8.345317108
8649,8.381851172
865,7.992485143
8650,8.719539478
8651,8.661089637
8652,7.302625645
8653,7.800643236
8654,7.269108021
8655,7.312711512
867,7.943866772
8672,6.692897403
8673,6.920421187
8674,7.179717468
868,7.608633856
8683,5.735231697
869,7.971713488
8694,5.970594716
8695,6.677830847
8696,5.754928397
8697,5.874785159
8698,6.091632121
8699,5.826149193
87,7.585080989
870,7.262535075
8702,7.107029714
8703,6.900796478
8704,7.120721126
8705,6.860309883
8706,6.774822897
871,7.601053435
8744,7.850248406
8745,7.848417488
8759,6.645713566
8760,7.158951251
8761,7.565569982
8762,6.42169321
8763,7.571480757
8764,7.690529419
8768,7.272956948
8773,6.901861052
8774,6.678026449
8775,7.173841734
8776,6.708260715
8777,6.927264328
8778,7.253296918
8793,7.366531699
8794,7.210648084
8795,7.587570267
8796,7.641690709
8797,7.2579353
8798,7.353752065
8799,7.643862316
88,6.983643585
8832,6.816240133
8833,7.499118556
8834,6.831903701
8835,6.718176249
8836,7.45964996
8837,6.009878044
8838,5.996840086
8839,6.519280856
8840,7.273189041
8842,6.889988655
8843,7.006119629
8844,7.194836699
8846,7.103005636
8847,7.306664229
8848,7.313587932
8849,6.98462809
8850,7.09142313
8851,6.949019016
8852,7.183163091
8857,6.012873374
8858,6.225748251
8859,6.479047453
8860,6.24667518
8861,6.458335144
8862,7.164379628
8863,7.204942126
8865,6.585534546
8866,6.231439186
8867,6.215210066
8868,6.732857542
8869,6.763144272
8870,6.832847762
8871,7.031800126
8872,7.109624106
8873,7.050152675
8875,6.211259422
8876,6.743315627
8877,6.556811283
89,6.745728906
8903,6.148820505
8904,6.075852271
8905,6.105746304
8910,6.375582957
8911,6.375582957
8912,6.537743676
8913,6.175028247
8921,7.499814306
8941,6.963630658
8942,6.875692606
8943,6.911360171
8944,6.74558616
8947,5.710853657
8948,6.184201079
8949,5.964737633
8950,6.84500854
8951,7.102328069
8952,7.061289854
8953,6.959052083
8954,6.777712646
8955,7.059318321
8956,5.982732019
8957,6.44400942
8958,6.42532291
8959,6.322892929
8960,6.595271344
8961,6.658512646
8962,7.245534977
8963,7.302604496
8964,6.561648312
8965,7.242891994
8966,6.661854666
8967,6.53417123
8968,6.551097199
8969,5.860292576
8970,5.655275762
8993,6.168754267
8994,6.376656999
8995,6.026285473
8996,6.26504483
8997,6.461729464
8998,6.176516729
9,6.809320894
90,6.730432396
9028,8.504302553
9029,8.122726827
9050,5.877074448
9051,5.928941895
9052,6.102280016
9054,6.194914906
9055,6.196246147
9056,6.406310567
9057,6.633221869
9058,6.135978322
9059,6.803403024
9060,6.879195292
9064,6.711122992
9065,6.765929723
9066,6.924310662
9067,6.851001489
9068,6.36852271
9069,7.015574398
9070,6.512046055
9071,6.646793203
9072,6.725565225
9073,6.485708158
9074,6.62270549
9075,6.577638352
9076,6.714693118
9077,6.422062584
9078,6.909648175
9079,6.592319465
9080,7.12133136
9081,7.136669492
9082,7.250966548
9083,7.246414925
9084,7.259352619
9085,7.110601517
9086,7.530443501
9087,7.108042356
9088,7.294004024
9089,7.022053514
9090,7.043682816
9091,7.407268378
9092,7.20102542
9093,7.188479471
9094,7.137584596
9095,7.13717274
9096,7.214801207
9097,7.115044272
9098,7.027544175
9099,6.099960441
91,6.707156916
9100,5.99585704
9101,6.413786143
9102,5.756569099
9103,6.466438976
9104,5.968999955
9105,7.787049293
9106,7.388978454
9107,7.301644369
9125,6.5933476
9126,7.140026031
9127,7.349449787
9128,7.093128383
9129,7.34748707
9130,7.004112594
9131,7.148834079
9132,6.96379718
9133,7.244481077
9134,6.96379718
9135,7.59471771
9136,7.232314079
9137,7.973826578
9138,7.898355713
9139,7.032037743
9144,6.225448002
9145,6.269275835
9146,6.527977076
9147,5.822389812
9151,6.598210718
9152,6.614318066
9153,6.170596585
9154,6.455054623
9155,6.813081677
9156,6.562022117
9157,6.652347731
9158,6.298013124
9159,6.934434499
9160,6.755422739
9161,6.841599661
9162,6.44653771
9163,6.460236401
9164,6.39195804
9165,6.212589257
9166,6.310396745
9167,6.144341251
9168,6.492089078
9169,6.517369489
9170,6.565373296
9171,6.713580277
9172,6.312534817
9173,5.980140551
9174,6.291143936
9175,6.311735461
9176,6.354125628
9177,6.234474193
9178,6.29064563
9179,6.141745777
9180,6.625227067
9181,6.296552465
9182,6.462883628
9183,6.371701797
9184,6.239092141
9185,6.129348118
9186,5.969052332
9187,6.643461613
9188,6.315391381
9189,6.495512851
9190,6.552620157
9191,6.535776492
9192,6.809006596
9193,6.753235378
9194,6.875409786
9195,6.623995728
9196,6.784049382
9197,6.050245777
9198,6.056837133
9199,6.425370061
92,6.656842202
9200,6.439879266
9201,6.695623885
9202,6.681172355
9203,6.417114874
9204,6.959420495
9205,6.963012101
9236,6.398018122
9237,6.248770051
9262,6.806787491
9267,5.850049623
9268,5.829920427
9269,5.894870443
927,5.875776386
9270,6.277250548
9271,6.002245034
9272,6.347817452
9273,6.018165733
9274,6.405642729
9275,5.987011328
9276,5.968836494
9277,5.928855879
928,6.516106643
9283,6.158852078
9295,5.855999192
9296,5.741399792
9297,6.033945406
9298,5.872944325
93,6.80154364
9305,6.754816574
9306,6.282508331
9307,6.180566368
9328,6.289557807
9329,6.965097505
9330,7.19062977
9331,7.296329118
9332,6.908614629
9333,6.685919202
9336,5.784641459
9340,6.390129411
9341,6.916889906
9342,7.442680066
9343,7.303483273
935,6.067367598
9353,6.374058988
9354,6.809484381
9355,6.640128728
9356,6.904192253
9357,7.254974711
9358,7.434100578
9359,7.259410747
936,6.519379125
9360,8.125726819
9361,8.1341978
9362,8.247822914
937,6.03616165
938,7.223582725
939,8.101838405
9396,6.381647012
9397,6.401320395
9398,6.629239528
9399,7.453687616
94,7.837394146
940,7.496697824
9400,6.697227124
9401,6.548095555
9402,7.053051441
9403,6.627631468
9404,6.877220549
9405,6.898274237
9406,6.499490734
9407,6.153572538
9408,6.861704366
9409,6.79134327
941,7.376582498
9410,6.668631517
9411,7.480263418
9414,7.240440969
9416,7.395319749
9417,7.036609703
9418,7.123760947
9419,7.502934531
9420,7.154610376
9422,7.066672913
9423,6.194386933
9424,6.76598305
9425,6.773364358
9426,6.764840916
9427,5.74087095
9428,6.892978793
9429,7.121142616
9430,6.766872708
9431,7.204055668
9432,6.955039461
9433,6.428113787
9434,6.287911133
9435,6.79035541
9436,7.312937408
9437,7.547153526
9443,7.016261759
9444,5.956541459
9445,6.974760298
9446,6.875312434
9447,6.181938793
9448,6.856323977
9449,6.532881919
9450,7.410671889
9451,8.025458096
9452,7.395364152
9453,7.591336633
9454,7.56891326
9455,7.463292201
9456,7.740440212
9457,7.661187275
9458,6.46613784
9459,6.523158012
9460,6.54490245
9461,6.542011895
9462,6.476658079
9463,6.335291682
9480,6.010162434
9481,6.387914748
9489,6.294292016
9490,6.484566603
9491,6.257452667
9492,6.181471259
9493,6.049220282
9494,6.137263023
9495,6.419142891
9496,6.087397675
9497,5.915334742
95,8.824572366
9508,6.849316406
9509,7.064500474
9510,7.352456082
9511,7.023735462
9512,7.20114899
9513,6.775865945
9514,6.370855669
9523,6.636552972
9524,6.596907582
9525,7.131087615
9526,6.815173053
9527,7.422076965
9528,7.253583256
9529,6.965795994
9538,7.348266612
9540,7.841654494
9541,7.713996951
9543,7.590666576
9544,7.635847145
9546,7.611023069
9548,7.243195757
9549,7.153831848
9550,7.162576433
9551,6.980038468
9552,7.185735895
9553,6.912757136
9554,7.052886209
9555,6.755367383
9557,7.61008094
9558,7.908470645
9559,7.824572754
9561,7.780898147
9562,7.95109182
9563,7.968725227
9564,6.662699418
9565,7.50914625
9594,6.303032215
9595,6.380403309
9596,6.491452198
9597,6.830442171
9598,6.860030278
9599,6.296721437
96,7.640714011
9600,6.817772518
9601,7.236688824
9602,7.126291872
9603,6.691034427
9604,7.182744078
9605,7.399850441
9606,7.255650657
9607,8.917796649
9608,7.302525526
9609,7.11381466
961,6.005302402
9610,7.169087239
9611,7.589653211
9612,7.523279586
9613,7.633160926
9614,7.655961951
9615,8.729907697
9616,7.512910166
9617,6.807026654
9618,8.307220123
9619,7.971775201
962,7.219711189
9620,7.361701844
9621,7.706260379
9622,7.454346022
9623,7.757389431
9624,8.074884999
9625,7.925816333
9626,7.676805722
9627,7.653713444
9628,7.260697422
9629,7.486158896
963,7.097626418
9630,8.39157854
964,7.285335971
965,7.46238494
966,7.482004423
967,7.344983965
97,8.099092375
9765,6.515919626
9766,5.960532437
9767,6.586051424
9768,6.150983043
9776,6.558374727
9777,7.833719334
98,7.552317361
9816,5.44350166
9851,6.07696344
9852,6.886077745
9853,6.656238694
9854,6.655214388
9856,6.435489074
9858,5.708915306
9859,5.692128331
9860,6.470130304
99,7.43121703
9914,5.869650504
9915,6.182544848
9916,6.318628776
9917,6.348675972
9921,6.759246997
9924,6.600063098
9931,7.062692941
9934,7.724229634
9937,7.003348865
9940,8.59830295
9941,7.923097656
9942,8.409642123
9943,8.156364682
9944,8.236182387
9945,8.172722133
9946,8.221308821
9947,8.262730701
9951,6.991264054
9952,7.710757066
